# <M_i(z=2)> = -26.0
#      z    kcorr
# NPR added 0.005<z<0.095 bins...
  0.005    0.257
  0.015    0.312
  0.025    0.382
  0.035    0.286
  0.045    0.371
  0.055    0.370
  0.065    0.407
  0.075    0.354
  0.085    0.394
  0.095    0.349
  0.105    0.257
  0.115    0.312
  0.125    0.382
  0.135    0.286
  0.145    0.371
  0.155    0.370
  0.165    0.407
  0.175    0.354
  0.185    0.394
  0.195    0.349
  0.205    0.330
  0.215    0.302
  0.225    0.307
  0.235    0.321
  0.245    0.388
  0.255    0.390
  0.265    0.486
  0.275    0.405
  0.285    0.445
  0.295    0.442
  0.305    0.391
  0.315    0.418
  0.325    0.402
  0.335    0.373
  0.345    0.413
  0.355    0.411
  0.365    0.382
  0.375    0.358
  0.385    0.380
  0.395    0.363
  0.405    0.345
  0.415    0.352
  0.425    0.324
  0.435    0.289
  0.445    0.278
  0.455    0.311
  0.465    0.263
  0.475    0.284
  0.485    0.287
  0.495    0.281
  0.505    0.277
  0.515    0.281
  0.525    0.240
  0.535    0.257
  0.545    0.230
  0.555    0.266
  0.565    0.231
  0.575    0.228
  0.585    0.246
  0.595    0.249
  0.605    0.214
  0.615    0.227
  0.625    0.224
  0.635    0.233
  0.645    0.215
  0.655    0.220
  0.665    0.206
  0.675    0.241
  0.685    0.241
  0.695    0.256
  0.705    0.257
  0.715    0.239
  0.725    0.241
  0.735    0.255
  0.745    0.233
  0.755    0.238
  0.765    0.250
  0.775    0.244
  0.785    0.233
  0.795    0.248
  0.805    0.223
  0.815    0.230
  0.825    0.250
  0.835    0.235
  0.845    0.243
  0.855    0.227
  0.865    0.241
  0.875    0.230
  0.885    0.236
  0.895    0.229
  0.905    0.239
  0.915    0.236
  0.925    0.239
  0.935    0.230
  0.945    0.214
  0.955    0.232
  0.965    0.218
  0.975    0.228
  0.985    0.208
  0.995    0.220
  1.005    0.200
  1.015    0.207
  1.025    0.216
  1.035    0.218
  1.045    0.198
  1.055    0.213
  1.065    0.205
  1.075    0.199
  1.085    0.197
  1.095    0.189
  1.105    0.199
  1.115    0.191
  1.125    0.194
  1.135    0.172
  1.145    0.171
  1.155    0.169
  1.165    0.181
  1.175    0.172
  1.185    0.165
  1.195    0.172
  1.205    0.159
  1.215    0.158
  1.225    0.150
  1.235    0.151
  1.245    0.158
  1.255    0.151
  1.265    0.140
  1.275    0.143
  1.285    0.135
  1.295    0.138
  1.305    0.132
  1.315    0.123
  1.325    0.118
  1.335    0.111
  1.345    0.097
  1.355    0.094
  1.365    0.085
  1.375    0.080
  1.385    0.079
  1.395    0.065
  1.405    0.051
  1.415    0.046
  1.425    0.033
  1.435    0.022
  1.445    0.011
  1.455   -0.008
  1.465   -0.022
  1.475   -0.039
  1.485   -0.050
  1.495   -0.066
  1.505   -0.078
  1.515   -0.087
  1.525   -0.098
  1.535   -0.110
  1.545   -0.116
  1.555   -0.109
  1.565   -0.114
  1.575   -0.125
  1.585   -0.132
  1.595   -0.135
  1.605   -0.135
  1.615   -0.139
  1.625   -0.146
  1.635   -0.145
  1.645   -0.151
  1.655   -0.155
  1.665   -0.154
  1.675   -0.160
  1.685   -0.160
  1.695   -0.166
  1.705   -0.165
  1.715   -0.168
  1.725   -0.165
  1.735   -0.168
  1.745   -0.176
  1.755   -0.176
  1.765   -0.184
  1.775   -0.188
  1.785   -0.187
  1.795   -0.190
  1.805   -0.192
  1.815   -0.203
  1.825   -0.199
  1.835   -0.195
  1.845   -0.203
  1.855   -0.205
  1.865   -0.199
  1.875   -0.199
  1.885   -0.207
  1.895   -0.208
  1.905   -0.207
  1.915   -0.190
  1.925   -0.186
  1.935   -0.186
  1.945   -0.168
  1.955   -0.163
  1.965   -0.164
  1.975   -0.172
  1.985   -0.160
  1.995   -0.158
  2.005   -0.167
  2.015   -0.167
  2.025   -0.164
  2.035   -0.160
  2.045   -0.161
  2.055   -0.158
  2.065   -0.169
  2.075   -0.163
  2.085   -0.166
  2.095   -0.164
  2.105   -0.167
  2.115   -0.164
  2.125   -0.170
  2.135   -0.161
  2.145   -0.161
  2.155   -0.158
  2.165   -0.160
  2.175   -0.166
  2.185   -0.157
  2.195   -0.164
  2.205   -0.154
  2.215   -0.163
  2.225   -0.154
  2.235   -0.152
  2.245   -0.160
  2.255   -0.158
  2.265   -0.152
  2.275   -0.151
  2.285   -0.150
  2.295   -0.155
  2.305   -0.159
  2.315   -0.158
  2.325   -0.157
  2.335   -0.153
  2.345   -0.158
  2.355   -0.159
  2.365   -0.154
  2.375   -0.155
  2.385   -0.160
  2.395   -0.163
  2.405   -0.162
  2.415   -0.162
  2.425   -0.160
  2.435   -0.166
  2.445   -0.166
  2.455   -0.160
  2.465   -0.169
  2.475   -0.166
  2.485   -0.170
  2.495   -0.165
  2.505   -0.169
  2.515   -0.172
  2.525   -0.171
  2.535   -0.175
  2.545   -0.178
  2.555   -0.187
  2.565   -0.188
  2.575   -0.192
  2.585   -0.195
  2.595   -0.205
  2.605   -0.209
  2.615   -0.216
  2.625   -0.221
  2.635   -0.229
  2.645   -0.236
  2.655   -0.244
  2.665   -0.251
  2.675   -0.258
  2.685   -0.264
  2.695   -0.268
  2.705   -0.273
  2.715   -0.279
  2.725   -0.286
  2.735   -0.288
  2.745   -0.293
  2.755   -0.296
  2.765   -0.301
  2.775   -0.305
  2.785   -0.302
  2.795   -0.307
  2.805   -0.307
  2.815   -0.314
  2.825   -0.315
  2.835   -0.315
  2.845   -0.317
  2.855   -0.325
  2.865   -0.323
  2.875   -0.328
  2.885   -0.329
  2.895   -0.328
  2.905   -0.331
  2.915   -0.334
  2.925   -0.340
  2.935   -0.335
  2.945   -0.341
  2.955   -0.343
  2.965   -0.337
  2.975   -0.338
  2.985   -0.338
  2.995   -0.342
  3.005   -0.344
  3.015   -0.345
  3.025   -0.348
  3.035   -0.352
  3.045   -0.355
  3.055   -0.357
  3.065   -0.362
  3.075   -0.365
  3.085   -0.369
  3.095   -0.372
  3.105   -0.373
  3.115   -0.376
  3.125   -0.379
  3.135   -0.382
  3.145   -0.385
  3.155   -0.392
  3.165   -0.393
  3.175   -0.398
  3.185   -0.401
  3.195   -0.402
  3.205   -0.406
  3.215   -0.412
  3.225   -0.411
  3.235   -0.413
  3.245   -0.419
  3.255   -0.421
  3.265   -0.424
  3.275   -0.422
  3.285   -0.423
  3.295   -0.424
  3.305   -0.425
  3.315   -0.424
  3.325   -0.423
  3.335   -0.428
  3.345   -0.426
  3.355   -0.428
  3.365   -0.428
  3.375   -0.434
  3.385   -0.438
  3.395   -0.443
  3.405   -0.450
  3.415   -0.457
  3.425   -0.465
  3.435   -0.473
  3.445   -0.482
  3.455   -0.490
  3.465   -0.500
  3.475   -0.509
  3.485   -0.518
  3.495   -0.527
  3.505   -0.535
  3.515   -0.543
  3.525   -0.550
  3.535   -0.557
  3.545   -0.563
  3.555   -0.568
  3.565   -0.571
  3.575   -0.574
  3.585   -0.578
  3.595   -0.584
  3.605   -0.584
  3.615   -0.586
  3.625   -0.587
  3.635   -0.584
  3.645   -0.583
  3.655   -0.585
  3.665   -0.582
  3.675   -0.586
  3.685   -0.587
  3.695   -0.583
  3.705   -0.587
  3.715   -0.583
  3.725   -0.585
  3.735   -0.589
  3.745   -0.583
  3.755   -0.583
  3.765   -0.585
  3.775   -0.582
  3.785   -0.582
  3.795   -0.584
  3.805   -0.582
  3.815   -0.587
  3.825   -0.582
  3.835   -0.584
  3.845   -0.582
  3.855   -0.577
  3.865   -0.574
  3.875   -0.574
  3.885   -0.569
  3.895   -0.569
  3.905   -0.568
  3.915   -0.566
  3.925   -0.565
  3.935   -0.564
  3.945   -0.568
  3.955   -0.571
  3.965   -0.573
  3.975   -0.578
  3.985   -0.580
  3.995   -0.581
  4.005   -0.583
  4.015   -0.583
  4.025   -0.579
  4.035   -0.584
  4.045   -0.579
  4.055   -0.579
  4.065   -0.579
  4.075   -0.577
  4.085   -0.575
  4.095   -0.579
  4.105   -0.574
  4.115   -0.577
  4.125   -0.576
  4.135   -0.576
  4.145   -0.571
  4.155   -0.575
  4.165   -0.570
  4.175   -0.573
  4.185   -0.572
  4.195   -0.567
  4.205   -0.566
  4.215   -0.568
  4.225   -0.563
  4.235   -0.554
  4.245   -0.550
  4.255   -0.553
  4.265   -0.538
  4.275   -0.535
  4.285   -0.527
  4.295   -0.524
  4.305   -0.524
  4.315   -0.513
  4.325   -0.510
  4.335   -0.495
  4.345   -0.494
  4.355   -0.488
  4.365   -0.489
  4.375   -0.485
  4.385   -0.477
  4.395   -0.475
  4.405   -0.476
  4.415   -0.474
  4.425   -0.473
  4.435   -0.475
  4.445   -0.477
  4.455   -0.478
  4.465   -0.482
  4.475   -0.486
  4.485   -0.491
  4.495   -0.497
  4.505   -0.505
  4.515   -0.514
  4.525   -0.523
  4.535   -0.529
  4.545   -0.545
  4.555   -0.551
  4.565   -0.563
  4.575   -0.584
  4.585   -0.595
  4.595   -0.618
  4.605   -0.627
