 i_start    i_end  z_start    z_end     sel.
  18.800   18.900    2.000    2.050   0.0000
  18.800   18.900    2.050    2.100   0.0000
  18.800   18.900    2.100    2.150   0.0049
  18.800   18.900    2.150    2.200   0.0359
  18.800   18.900    2.200    2.250   0.1667
  18.800   18.900    2.250    2.300   0.6321
  18.800   18.900    2.300    2.350   0.8680
  18.800   18.900    2.350    2.400   0.8643
  18.800   18.900    2.400    2.450   0.8256
  18.800   18.900    2.450    2.500   0.8643
  18.800   18.900    2.500    2.550   0.9005
  18.800   18.900    2.550    2.600   0.9385
  18.800   18.900    2.600    2.650   0.8683
  18.800   18.900    2.650    2.700   0.7689
  18.800   18.900    2.700    2.750   0.6082
  18.800   18.900    2.750    2.800   0.4494
  18.800   18.900    2.800    2.850   0.3929
  18.800   18.900    2.850    2.900   0.4118
  18.800   18.900    2.900    2.950   0.4608
  18.800   18.900    2.950    3.000   0.5707
  18.800   18.900    3.000    3.050   0.5756
  18.800   18.900    3.050    3.100   0.6274
  18.800   18.900    3.100    3.150   0.7030
  18.800   18.900    3.150    3.200   0.7788
  18.800   18.900    3.200    3.250   0.7538
  18.800   18.900    3.250    3.300   0.7462
  18.800   18.900    3.300    3.350   0.6765
  18.800   18.900    3.350    3.400   0.5628
  18.800   18.900    3.400    3.450   0.5222
  18.800   18.900    3.450    3.500   0.2757
  18.800   18.900    3.500    3.550   0.0594
  18.800   18.900    3.550    3.600   0.0055
  18.800   18.900    3.600    3.650   0.0000
  18.800   18.900    3.650    3.700   0.0000
  18.800   18.900    3.700    3.750   0.0000
  18.800   18.900    3.750    3.800   0.0118
  18.800   18.900    3.800    3.850   0.0000
  18.800   18.900    3.850    3.900   0.0000
  18.800   18.900    3.900    3.950   0.0000
  18.800   18.900    3.950    4.000   0.0106
  18.800   18.900    4.000    4.050   0.0000
  18.800   18.900    4.050    4.100   0.0714
  18.800   18.900    4.100    4.150   0.0000
  18.800   18.900    4.150    4.200   0.0000
  18.800   18.900    4.200    4.250   0.0000
  18.800   18.900    4.250    4.300   0.0000
  18.800   18.900    4.300    4.350   0.0000
  18.800   18.900    4.350    4.400   0.0000
  18.800   18.900    4.400    4.450   0.0000
  18.800   18.900    4.450    4.500   0.0000
  18.800   18.900    4.500    4.550   0.0000
  18.800   18.900    4.550    4.600   0.0000
  18.900   19.000    2.000    2.050   0.0000
  18.900   19.000    2.050    2.100   0.0000
  18.900   19.000    2.100    2.150   0.0054
  18.900   19.000    2.150    2.200   0.0051
  18.900   19.000    2.200    2.250   0.1596
  18.900   19.000    2.250    2.300   0.6546
  18.900   19.000    2.300    2.350   0.8438
  18.900   19.000    2.350    2.400   0.8272
  18.900   19.000    2.400    2.450   0.8786
  18.900   19.000    2.450    2.500   0.8872
  18.900   19.000    2.500    2.550   0.9091
  18.900   19.000    2.550    2.600   0.9091
  18.900   19.000    2.600    2.650   0.8054
  18.900   19.000    2.650    2.700   0.6796
  18.900   19.000    2.700    2.750   0.5401
  18.900   19.000    2.750    2.800   0.3614
  18.900   19.000    2.800    2.850   0.3819
  18.900   19.000    2.850    2.900   0.3938
  18.900   19.000    2.900    2.950   0.4461
  18.900   19.000    2.950    3.000   0.5044
  18.900   19.000    3.000    3.050   0.6166
  18.900   19.000    3.050    3.100   0.6911
  18.900   19.000    3.100    3.150   0.7255
  18.900   19.000    3.150    3.200   0.7188
  18.900   19.000    3.200    3.250   0.8595
  18.900   19.000    3.250    3.300   0.7184
  18.900   19.000    3.300    3.350   0.7184
  18.900   19.000    3.350    3.400   0.6178
  18.900   19.000    3.400    3.450   0.4953
  18.900   19.000    3.450    3.500   0.3186
  18.900   19.000    3.500    3.550   0.1250
  18.900   19.000    3.550    3.600   0.0000
  18.900   19.000    3.600    3.650   0.0050
  18.900   19.000    3.650    3.700   0.0000
  18.900   19.000    3.700    3.750   0.0000
  18.900   19.000    3.750    3.800   0.0046
  18.900   19.000    3.800    3.850   0.0000
  18.900   19.000    3.850    3.900   0.0000
  18.900   19.000    3.900    3.950   0.0000
  18.900   19.000    3.950    4.000   0.0000
  18.900   19.000    4.000    4.050   0.0000
  18.900   19.000    4.050    4.100   0.0000
  18.900   19.000    4.100    4.150   0.0000
  18.900   19.000    4.150    4.200   0.0000
  18.900   19.000    4.200    4.250   0.0000
  18.900   19.000    4.250    4.300   0.0000
  18.900   19.000    4.300    4.350   0.0000
  18.900   19.000    4.350    4.400   0.0000
  18.900   19.000    4.400    4.450   0.0000
  18.900   19.000    4.450    4.500   0.0000
  18.900   19.000    4.500    4.550   0.0000
  18.900   19.000    4.550    4.600   0.0000
  19.000   19.100    2.000    2.050   0.0000
  19.000   19.100    2.050    2.100   0.0051
  19.000   19.100    2.100    2.150   0.0000
  19.000   19.100    2.150    2.200   0.0050
  19.000   19.100    2.200    2.250   0.1709
  19.000   19.100    2.250    2.300   0.6291
  19.000   19.100    2.300    2.350   0.7949
  19.000   19.100    2.350    2.400   0.8500
  19.000   19.100    2.400    2.450   0.8684
  19.000   19.100    2.450    2.500   0.8934
  19.000   19.100    2.500    2.550   0.9223
  19.000   19.100    2.550    2.600   0.8798
  19.000   19.100    2.600    2.650   0.8270
  19.000   19.100    2.650    2.700   0.6449
  19.000   19.100    2.700    2.750   0.4417
  19.000   19.100    2.750    2.800   0.3518
  19.000   19.100    2.800    2.850   0.3645
  19.000   19.100    2.850    2.900   0.3713
  19.000   19.100    2.900    2.950   0.4567
  19.000   19.100    2.950    3.000   0.5340
  19.000   19.100    3.000    3.050   0.5622
  19.000   19.100    3.050    3.100   0.6139
  19.000   19.100    3.100    3.150   0.7333
  19.000   19.100    3.150    3.200   0.7500
  19.000   19.100    3.200    3.250   0.7824
  19.000   19.100    3.250    3.300   0.7600
  19.000   19.100    3.300    3.350   0.6814
  19.000   19.100    3.350    3.400   0.5524
  19.000   19.100    3.400    3.450   0.6429
  19.000   19.100    3.450    3.500   0.3602
  19.000   19.100    3.500    3.550   0.0896
  19.000   19.100    3.550    3.600   0.0095
  19.000   19.100    3.600    3.650   0.0046
  19.000   19.100    3.650    3.700   0.0000
  19.000   19.100    3.700    3.750   0.0000
  19.000   19.100    3.750    3.800   0.0000
  19.000   19.100    3.800    3.850   0.0047
  19.000   19.100    3.850    3.900   0.0000
  19.000   19.100    3.900    3.950   0.0000
  19.000   19.100    3.950    4.000   0.0000
  19.000   19.100    4.000    4.050   0.0000
  19.000   19.100    4.050    4.100   0.0000
  19.000   19.100    4.100    4.150   0.0000
  19.000   19.100    4.150    4.200   0.0000
  19.000   19.100    4.200    4.250   0.0000
  19.000   19.100    4.250    4.300   0.0000
  19.000   19.100    4.300    4.350   0.0000
  19.000   19.100    4.350    4.400   0.0000
  19.000   19.100    4.400    4.450   0.0000
  19.000   19.100    4.450    4.500   0.0000
  19.000   19.100    4.500    4.550   0.0000
  19.000   19.100    4.550    4.600   0.0000
  19.100   19.200    2.000    2.050   0.0000
  19.100   19.200    2.050    2.100   0.0000
  19.100   19.200    2.100    2.150   0.0096
  19.100   19.200    2.150    2.200   0.0150
  19.100   19.200    2.200    2.250   0.1508
  19.100   19.200    2.250    2.300   0.6300
  19.100   19.200    2.300    2.350   0.7913
  19.100   19.200    2.350    2.400   0.8844
  19.100   19.200    2.400    2.450   0.8593
  19.100   19.200    2.450    2.500   0.9272
  19.100   19.200    2.500    2.550   0.8619
  19.100   19.200    2.550    2.600   0.8826
  19.100   19.200    2.600    2.650   0.8774
  19.100   19.200    2.650    2.700   0.7198
  19.100   19.200    2.700    2.750   0.4850
  19.100   19.200    2.750    2.800   0.3300
  19.100   19.200    2.800    2.850   0.2767
  19.100   19.200    2.850    2.900   0.3902
  19.100   19.200    2.900    2.950   0.5412
  19.100   19.200    2.950    3.000   0.5228
  19.100   19.200    3.000    3.050   0.6611
  19.100   19.200    3.050    3.100   0.6737
  19.100   19.200    3.100    3.150   0.7113
  19.100   19.200    3.150    3.200   0.7705
  19.100   19.200    3.200    3.250   0.7525
  19.100   19.200    3.250    3.300   0.7808
  19.100   19.200    3.300    3.350   0.6590
  19.100   19.200    3.350    3.400   0.6452
  19.100   19.200    3.400    3.450   0.4739
  19.100   19.200    3.450    3.500   0.3136
  19.100   19.200    3.500    3.550   0.0778
  19.100   19.200    3.550    3.600   0.0155
  19.100   19.200    3.600    3.650   0.0047
  19.100   19.200    3.650    3.700   0.0050
  19.100   19.200    3.700    3.750   0.0044
  19.100   19.200    3.750    3.800   0.0053
  19.100   19.200    3.800    3.850   0.0000
  19.100   19.200    3.850    3.900   0.0000
  19.100   19.200    3.900    3.950   0.0000
  19.100   19.200    3.950    4.000   0.0000
  19.100   19.200    4.000    4.050   0.0000
  19.100   19.200    4.050    4.100   0.0000
  19.100   19.200    4.100    4.150   0.0000
  19.100   19.200    4.150    4.200   0.0000
  19.100   19.200    4.200    4.250   0.0000
  19.100   19.200    4.250    4.300   0.0000
  19.100   19.200    4.300    4.350   0.0000
  19.100   19.200    4.350    4.400   0.0000
  19.100   19.200    4.400    4.450   0.0000
  19.100   19.200    4.450    4.500   0.0000
  19.100   19.200    4.500    4.550   0.0000
  19.100   19.200    4.550    4.600   0.0000
  19.200   19.300    2.000    2.050   0.0045
  19.200   19.300    2.050    2.100   0.0100
  19.200   19.300    2.100    2.150   0.0099
  19.200   19.300    2.150    2.200   0.0193
  19.200   19.300    2.200    2.250   0.1854
  19.200   19.300    2.250    2.300   0.6262
  19.200   19.300    2.300    2.350   0.8128
  19.200   19.300    2.350    2.400   0.8469
  19.200   19.300    2.400    2.450   0.8756
  19.200   19.300    2.450    2.500   0.9137
  19.200   19.300    2.500    2.550   0.8737
  19.200   19.300    2.550    2.600   0.8808
  19.200   19.300    2.600    2.650   0.8286
  19.200   19.300    2.650    2.700   0.6904
  19.200   19.300    2.700    2.750   0.4780
  19.200   19.300    2.750    2.800   0.3596
  19.200   19.300    2.800    2.850   0.2750
  19.200   19.300    2.850    2.900   0.3401
  19.200   19.300    2.900    2.950   0.4641
  19.200   19.300    2.950    3.000   0.5794
  19.200   19.300    3.000    3.050   0.5463
  19.200   19.300    3.050    3.100   0.6959
  19.200   19.300    3.100    3.150   0.7339
  19.200   19.300    3.150    3.200   0.7548
  19.200   19.300    3.200    3.250   0.7673
  19.200   19.300    3.250    3.300   0.7211
  19.200   19.300    3.300    3.350   0.6878
  19.200   19.300    3.350    3.400   0.6558
  19.200   19.300    3.400    3.450   0.4657
  19.200   19.300    3.450    3.500   0.2957
  19.200   19.300    3.500    3.550   0.0594
  19.200   19.300    3.550    3.600   0.0223
  19.200   19.300    3.600    3.650   0.0056
  19.200   19.300    3.650    3.700   0.0043
  19.200   19.300    3.700    3.750   0.0048
  19.200   19.300    3.750    3.800   0.0000
  19.200   19.300    3.800    3.850   0.0000
  19.200   19.300    3.850    3.900   0.0000
  19.200   19.300    3.900    3.950   0.0000
  19.200   19.300    3.950    4.000   0.0049
  19.200   19.300    4.000    4.050   0.0000
  19.200   19.300    4.050    4.100   0.0000
  19.200   19.300    4.100    4.150   0.0000
  19.200   19.300    4.150    4.200   0.0000
  19.200   19.300    4.200    4.250   0.0000
  19.200   19.300    4.250    4.300   0.0000
  19.200   19.300    4.300    4.350   0.0000
  19.200   19.300    4.350    4.400   0.0000
  19.200   19.300    4.400    4.450   0.0000
  19.200   19.300    4.450    4.500   0.0000
  19.200   19.300    4.500    4.550   0.0000
  19.200   19.300    4.550    4.600   0.0000
  19.300   19.400    2.000    2.050   0.0000
  19.300   19.400    2.050    2.100   0.0049
  19.300   19.400    2.100    2.150   0.0051
  19.300   19.400    2.150    2.200   0.0245
  19.300   19.400    2.200    2.250   0.1958
  19.300   19.400    2.250    2.300   0.6964
  19.300   19.400    2.300    2.350   0.8163
  19.300   19.400    2.350    2.400   0.8867
  19.300   19.400    2.400    2.450   0.8780
  19.300   19.400    2.450    2.500   0.8558
  19.300   19.400    2.500    2.550   0.9053
  19.300   19.400    2.550    2.600   0.8980
  19.300   19.400    2.600    2.650   0.8677
  19.300   19.400    2.650    2.700   0.6915
  19.300   19.400    2.700    2.750   0.5304
  19.300   19.400    2.750    2.800   0.3300
  19.300   19.400    2.800    2.850   0.3155
  19.300   19.400    2.850    2.900   0.3676
  19.300   19.400    2.900    2.950   0.4312
  19.300   19.400    2.950    3.000   0.6138
  19.300   19.400    3.000    3.050   0.6080
  19.300   19.400    3.050    3.100   0.6716
  19.300   19.400    3.100    3.150   0.7086
  19.300   19.400    3.150    3.200   0.7562
  19.300   19.400    3.200    3.250   0.7376
  19.300   19.400    3.250    3.300   0.7451
  19.300   19.400    3.300    3.350   0.6832
  19.300   19.400    3.350    3.400   0.6303
  19.300   19.400    3.400    3.450   0.4509
  19.300   19.400    3.450    3.500   0.2990
  19.300   19.400    3.500    3.550   0.0994
  19.300   19.400    3.550    3.600   0.0297
  19.300   19.400    3.600    3.650   0.0092
  19.300   19.400    3.650    3.700   0.0000
  19.300   19.400    3.700    3.750   0.0118
  19.300   19.400    3.750    3.800   0.0000
  19.300   19.400    3.800    3.850   0.0000
  19.300   19.400    3.850    3.900   0.0097
  19.300   19.400    3.900    3.950   0.0000
  19.300   19.400    3.950    4.000   0.0000
  19.300   19.400    4.000    4.050   0.0000
  19.300   19.400    4.050    4.100   0.0000
  19.300   19.400    4.100    4.150   0.0000
  19.300   19.400    4.150    4.200   0.0112
  19.300   19.400    4.200    4.250   0.0000
  19.300   19.400    4.250    4.300   0.0000
  19.300   19.400    4.300    4.350   0.0000
  19.300   19.400    4.350    4.400   0.0000
  19.300   19.400    4.400    4.450   0.0000
  19.300   19.400    4.450    4.500   0.0000
  19.300   19.400    4.500    4.550   0.0000
  19.300   19.400    4.550    4.600   0.0000
  19.400   19.500    2.000    2.050   0.0051
  19.400   19.500    2.050    2.100   0.0000
  19.400   19.500    2.100    2.150   0.0101
  19.400   19.500    2.150    2.200   0.0239
  19.400   19.500    2.200    2.250   0.2282
  19.400   19.500    2.250    2.300   0.5901
  19.400   19.500    2.300    2.350   0.7729
  19.400   19.500    2.350    2.400   0.8384
  19.400   19.500    2.400    2.450   0.8945
  19.400   19.500    2.450    2.500   0.8670
  19.400   19.500    2.500    2.550   0.8821
  19.400   19.500    2.550    2.600   0.8738
  19.400   19.500    2.600    2.650   0.8274
  19.400   19.500    2.650    2.700   0.6927
  19.400   19.500    2.700    2.750   0.4817
  19.400   19.500    2.750    2.800   0.3590
  19.400   19.500    2.800    2.850   0.3490
  19.400   19.500    2.850    2.900   0.4491
  19.400   19.500    2.900    2.950   0.4236
  19.400   19.500    2.950    3.000   0.5408
  19.400   19.500    3.000    3.050   0.6300
  19.400   19.500    3.050    3.100   0.7186
  19.400   19.500    3.100    3.150   0.7463
  19.400   19.500    3.150    3.200   0.7487
  19.400   19.500    3.200    3.250   0.7872
  19.400   19.500    3.250    3.300   0.7067
  19.400   19.500    3.300    3.350   0.6796
  19.400   19.500    3.350    3.400   0.6436
  19.400   19.500    3.400    3.450   0.5509
  19.400   19.500    3.450    3.500   0.3529
  19.400   19.500    3.500    3.550   0.0457
  19.400   19.500    3.550    3.600   0.0190
  19.400   19.500    3.600    3.650   0.0000
  19.400   19.500    3.650    3.700   0.0049
  19.400   19.500    3.700    3.750   0.0046
  19.400   19.500    3.750    3.800   0.0000
  19.400   19.500    3.800    3.850   0.0054
  19.400   19.500    3.850    3.900   0.0052
  19.400   19.500    3.900    3.950   0.0052
  19.400   19.500    3.950    4.000   0.0000
  19.400   19.500    4.000    4.050   0.0049
  19.400   19.500    4.050    4.100   0.0000
  19.400   19.500    4.100    4.150   0.0000
  19.400   19.500    4.150    4.200   0.0000
  19.400   19.500    4.200    4.250   0.0000
  19.400   19.500    4.250    4.300   0.0000
  19.400   19.500    4.300    4.350   0.0000
  19.400   19.500    4.350    4.400   0.0000
  19.400   19.500    4.400    4.450   0.0000
  19.400   19.500    4.450    4.500   0.0000
  19.400   19.500    4.500    4.550   0.0000
  19.400   19.500    4.550    4.600   0.0000
  19.500   19.600    2.000    2.050   0.0000
  19.500   19.600    2.050    2.100   0.0000
  19.500   19.600    2.100    2.150   0.0102
  19.500   19.600    2.150    2.200   0.0421
  19.500   19.600    2.200    2.250   0.1804
  19.500   19.600    2.250    2.300   0.6080
  19.500   19.600    2.300    2.350   0.8119
  19.500   19.600    2.350    2.400   0.8392
  19.500   19.600    2.400    2.450   0.8763
  19.500   19.600    2.450    2.500   0.8706
  19.500   19.600    2.500    2.550   0.8619
  19.500   19.600    2.550    2.600   0.8639
  19.500   19.600    2.600    2.650   0.8517
  19.500   19.600    2.650    2.700   0.7204
  19.500   19.600    2.700    2.750   0.5567
  19.500   19.600    2.750    2.800   0.4581
  19.500   19.600    2.800    2.850   0.3455
  19.500   19.600    2.850    2.900   0.3770
  19.500   19.600    2.900    2.950   0.4560
  19.500   19.600    2.950    3.000   0.4869
  19.500   19.600    3.000    3.050   0.6633
  19.500   19.600    3.050    3.100   0.6349
  19.500   19.600    3.100    3.150   0.6784
  19.500   19.600    3.150    3.200   0.7562
  19.500   19.600    3.200    3.250   0.7438
  19.500   19.600    3.250    3.300   0.7021
  19.500   19.600    3.300    3.350   0.6700
  19.500   19.600    3.350    3.400   0.5729
  19.500   19.600    3.400    3.450   0.5075
  19.500   19.600    3.450    3.500   0.4138
  19.500   19.600    3.500    3.550   0.1090
  19.500   19.600    3.550    3.600   0.0149
  19.500   19.600    3.600    3.650   0.0111
  19.500   19.600    3.650    3.700   0.0000
  19.500   19.600    3.700    3.750   0.0000
  19.500   19.600    3.750    3.800   0.0000
  19.500   19.600    3.800    3.850   0.0000
  19.500   19.600    3.850    3.900   0.0047
  19.500   19.600    3.900    3.950   0.0000
  19.500   19.600    3.950    4.000   0.0000
  19.500   19.600    4.000    4.050   0.0000
  19.500   19.600    4.050    4.100   0.0000
  19.500   19.600    4.100    4.150   0.0000
  19.500   19.600    4.150    4.200   0.0000
  19.500   19.600    4.200    4.250   0.0000
  19.500   19.600    4.250    4.300   0.0000
  19.500   19.600    4.300    4.350   0.0000
  19.500   19.600    4.350    4.400   0.0000
  19.500   19.600    4.400    4.450   0.0000
  19.500   19.600    4.450    4.500   0.0000
  19.500   19.600    4.500    4.550   0.0000
  19.500   19.600    4.550    4.600   0.0000
  19.600   19.700    2.000    2.050   0.0049
  19.600   19.700    2.050    2.100   0.0000
  19.600   19.700    2.100    2.150   0.0097
  19.600   19.700    2.150    2.200   0.0158
  19.600   19.700    2.200    2.250   0.2020
  19.600   19.700    2.250    2.300   0.5882
  19.600   19.700    2.300    2.350   0.8171
  19.600   19.700    2.350    2.400   0.7900
  19.600   19.700    2.400    2.450   0.8564
  19.600   19.700    2.450    2.500   0.8485
  19.600   19.700    2.500    2.550   0.8710
  19.600   19.700    2.550    2.600   0.8800
  19.600   19.700    2.600    2.650   0.8360
  19.600   19.700    2.650    2.700   0.6935
  19.600   19.700    2.700    2.750   0.5053
  19.600   19.700    2.750    2.800   0.4167
  19.600   19.700    2.800    2.850   0.3349
  19.600   19.700    2.850    2.900   0.4000
  19.600   19.700    2.900    2.950   0.3731
  19.600   19.700    2.950    3.000   0.4785
  19.600   19.700    3.000    3.050   0.5297
  19.600   19.700    3.050    3.100   0.6589
  19.600   19.700    3.100    3.150   0.6763
  19.600   19.700    3.150    3.200   0.7382
  19.600   19.700    3.200    3.250   0.7727
  19.600   19.700    3.250    3.300   0.7487
  19.600   19.700    3.300    3.350   0.7027
  19.600   19.700    3.350    3.400   0.5404
  19.600   19.700    3.400    3.450   0.4926
  19.600   19.700    3.450    3.500   0.3191
  19.600   19.700    3.500    3.550   0.1024
  19.600   19.700    3.550    3.600   0.0050
  19.600   19.700    3.600    3.650   0.0056
  19.600   19.700    3.650    3.700   0.0048
  19.600   19.700    3.700    3.750   0.0048
  19.600   19.700    3.750    3.800   0.0000
  19.600   19.700    3.800    3.850   0.0051
  19.600   19.700    3.850    3.900   0.0000
  19.600   19.700    3.900    3.950   0.0000
  19.600   19.700    3.950    4.000   0.0000
  19.600   19.700    4.000    4.050   0.0000
  19.600   19.700    4.050    4.100   0.0000
  19.600   19.700    4.100    4.150   0.0000
  19.600   19.700    4.150    4.200   0.0000
  19.600   19.700    4.200    4.250   0.0000
  19.600   19.700    4.250    4.300   0.0118
  19.600   19.700    4.300    4.350   0.0000
  19.600   19.700    4.350    4.400   0.0000
  19.600   19.700    4.400    4.450   0.0000
  19.600   19.700    4.450    4.500   0.0000
  19.600   19.700    4.500    4.550   0.5000
  19.600   19.700    4.550    4.600   0.0000
  19.700   19.800    2.000    2.050   0.0000
  19.700   19.800    2.050    2.100   0.0048
  19.700   19.800    2.100    2.150   0.0152
  19.700   19.800    2.150    2.200   0.0109
  19.700   19.800    2.200    2.250   0.2098
  19.700   19.800    2.250    2.300   0.5396
  19.700   19.800    2.300    2.350   0.7251
  19.700   19.800    2.350    2.400   0.8247
  19.700   19.800    2.400    2.450   0.8538
  19.700   19.800    2.450    2.500   0.8172
  19.700   19.800    2.500    2.550   0.8610
  19.700   19.800    2.550    2.600   0.7990
  19.700   19.800    2.600    2.650   0.7857
  19.700   19.800    2.650    2.700   0.6368
  19.700   19.800    2.700    2.750   0.4541
  19.700   19.800    2.750    2.800   0.3731
  19.700   19.800    2.800    2.850   0.4050
  19.700   19.800    2.850    2.900   0.3756
  19.700   19.800    2.900    2.950   0.3990
  19.700   19.800    2.950    3.000   0.5025
  19.700   19.800    3.000    3.050   0.5421
  19.700   19.800    3.050    3.100   0.6203
  19.700   19.800    3.100    3.150   0.6907
  19.700   19.800    3.150    3.200   0.7905
  19.700   19.800    3.200    3.250   0.7621
  19.700   19.800    3.250    3.300   0.7188
  19.700   19.800    3.300    3.350   0.6650
  19.700   19.800    3.350    3.400   0.5721
  19.700   19.800    3.400    3.450   0.5317
  19.700   19.800    3.450    3.500   0.3380
  19.700   19.800    3.500    3.550   0.0808
  19.700   19.800    3.550    3.600   0.0297
  19.700   19.800    3.600    3.650   0.0179
  19.700   19.800    3.650    3.700   0.0050
  19.700   19.800    3.700    3.750   0.0000
  19.700   19.800    3.750    3.800   0.0000
  19.700   19.800    3.800    3.850   0.0000
  19.700   19.800    3.850    3.900   0.0000
  19.700   19.800    3.900    3.950   0.0000
  19.700   19.800    3.950    4.000   0.0000
  19.700   19.800    4.000    4.050   0.0000
  19.700   19.800    4.050    4.100   0.0000
  19.700   19.800    4.100    4.150   0.0000
  19.700   19.800    4.150    4.200   0.0000
  19.700   19.800    4.200    4.250   0.0000
  19.700   19.800    4.250    4.300   0.0000
  19.700   19.800    4.300    4.350   0.0000
  19.700   19.800    4.350    4.400   0.0000
  19.700   19.800    4.400    4.450   0.0000
  19.700   19.800    4.450    4.500   0.0000
  19.700   19.800    4.500    4.550   0.0000
  19.700   19.800    4.550    4.600   0.0000
  19.800   19.900    2.000    2.050   0.0049
  19.800   19.900    2.050    2.100   0.0000
  19.800   19.900    2.100    2.150   0.0000
  19.800   19.900    2.150    2.200   0.0149
  19.800   19.900    2.200    2.250   0.1908
  19.800   19.900    2.250    2.300   0.5714
  19.800   19.900    2.300    2.350   0.7438
  19.800   19.900    2.350    2.400   0.8049
  19.800   19.900    2.400    2.450   0.8083
  19.800   19.900    2.450    2.500   0.8406
  19.800   19.900    2.500    2.550   0.8357
  19.800   19.900    2.550    2.600   0.8404
  19.800   19.900    2.600    2.650   0.7688
  19.800   19.900    2.650    2.700   0.6847
  19.800   19.900    2.700    2.750   0.4162
  19.800   19.900    2.750    2.800   0.3605
  19.800   19.900    2.800    2.850   0.3046
  19.800   19.900    2.850    2.900   0.3011
  19.800   19.900    2.900    2.950   0.3883
  19.800   19.900    2.950    3.000   0.5556
  19.800   19.900    3.000    3.050   0.5337
  19.800   19.900    3.050    3.100   0.6349
  19.800   19.900    3.100    3.150   0.6185
  19.800   19.900    3.150    3.200   0.7129
  19.800   19.900    3.200    3.250   0.7672
  19.800   19.900    3.250    3.300   0.7000
  19.800   19.900    3.300    3.350   0.6373
  19.800   19.900    3.350    3.400   0.6489
  19.800   19.900    3.400    3.450   0.5480
  19.800   19.900    3.450    3.500   0.3064
  19.800   19.900    3.500    3.550   0.0920
  19.800   19.900    3.550    3.600   0.0365
  19.800   19.900    3.600    3.650   0.0000
  19.800   19.900    3.650    3.700   0.0058
  19.800   19.900    3.700    3.750   0.0051
  19.800   19.900    3.750    3.800   0.0056
  19.800   19.900    3.800    3.850   0.0050
  19.800   19.900    3.850    3.900   0.0000
  19.800   19.900    3.900    3.950   0.0000
  19.800   19.900    3.950    4.000   0.0000
  19.800   19.900    4.000    4.050   0.0000
  19.800   19.900    4.050    4.100   0.0000
  19.800   19.900    4.100    4.150   0.0000
  19.800   19.900    4.150    4.200   0.0000
  19.800   19.900    4.200    4.250   0.0000
  19.800   19.900    4.250    4.300   0.0000
  19.800   19.900    4.300    4.350   0.0000
  19.800   19.900    4.350    4.400   0.0000
  19.800   19.900    4.400    4.450   0.0455
  19.800   19.900    4.450    4.500   0.0000
  19.800   19.900    4.500    4.550   0.0000
  19.800   19.900    4.550    4.600   0.0000
  19.900   20.000    2.000    2.050   0.0000
  19.900   20.000    2.050    2.100   0.0047
  19.900   20.000    2.100    2.150   0.0160
  19.900   20.000    2.150    2.200   0.0233
  19.900   20.000    2.200    2.250   0.1972
  19.900   20.000    2.250    2.300   0.5427
  19.900   20.000    2.300    2.350   0.8208
  19.900   20.000    2.350    2.400   0.7204
  19.900   20.000    2.400    2.450   0.7884
  19.900   20.000    2.450    2.500   0.8093
  19.900   20.000    2.500    2.550   0.8316
  19.900   20.000    2.550    2.600   0.7742
  19.900   20.000    2.600    2.650   0.7326
  19.900   20.000    2.650    2.700   0.5450
  19.900   20.000    2.700    2.750   0.4236
  19.900   20.000    2.750    2.800   0.3273
  19.900   20.000    2.800    2.850   0.3565
  19.900   20.000    2.850    2.900   0.3318
  19.900   20.000    2.900    2.950   0.3768
  19.900   20.000    2.950    3.000   0.4020
  19.900   20.000    3.000    3.050   0.5207
  19.900   20.000    3.050    3.100   0.6333
  19.900   20.000    3.100    3.150   0.6476
  19.900   20.000    3.150    3.200   0.6700
  19.900   20.000    3.200    3.250   0.6777
  19.900   20.000    3.250    3.300   0.6798
  19.900   20.000    3.300    3.350   0.5771
  19.900   20.000    3.350    3.400   0.5887
  19.900   20.000    3.400    3.450   0.4603
  19.900   20.000    3.450    3.500   0.2462
  19.900   20.000    3.500    3.550   0.1048
  19.900   20.000    3.550    3.600   0.0185
  19.900   20.000    3.600    3.650   0.0254
  19.900   20.000    3.650    3.700   0.0047
  19.900   20.000    3.700    3.750   0.0000
  19.900   20.000    3.750    3.800   0.0048
  19.900   20.000    3.800    3.850   0.0047
  19.900   20.000    3.850    3.900   0.0000
  19.900   20.000    3.900    3.950   0.0048
  19.900   20.000    3.950    4.000   0.0000
  19.900   20.000    4.000    4.050   0.0000
  19.900   20.000    4.050    4.100   0.0000
  19.900   20.000    4.100    4.150   0.0000
  19.900   20.000    4.150    4.200   0.0000
  19.900   20.000    4.200    4.250   0.0000
  19.900   20.000    4.250    4.300   0.0057
  19.900   20.000    4.300    4.350   0.0000
  19.900   20.000    4.350    4.400   0.0000
  19.900   20.000    4.400    4.450   0.0294
  19.900   20.000    4.450    4.500   0.0000
  19.900   20.000    4.500    4.550   0.0000
  19.900   20.000    4.550    4.600   0.0000
  20.000   20.100    2.000    2.050   0.0000
  20.000   20.100    2.050    2.100   0.0048
  20.000   20.100    2.100    2.150   0.0046
  20.000   20.100    2.150    2.200   0.0378
  20.000   20.100    2.200    2.250   0.2548
  20.000   20.100    2.250    2.300   0.5687
  20.000   20.100    2.300    2.350   0.7487
  20.000   20.100    2.350    2.400   0.7010
  20.000   20.100    2.400    2.450   0.7959
  20.000   20.100    2.450    2.500   0.7929
  20.000   20.100    2.500    2.550   0.7833
  20.000   20.100    2.550    2.600   0.7576
  20.000   20.100    2.600    2.650   0.7117
  20.000   20.100    2.650    2.700   0.5605
  20.000   20.100    2.700    2.750   0.4202
  20.000   20.100    2.750    2.800   0.2770
  20.000   20.100    2.800    2.850   0.2833
  20.000   20.100    2.850    2.900   0.3160
  20.000   20.100    2.900    2.950   0.3550
  20.000   20.100    2.950    3.000   0.3905
  20.000   20.100    3.000    3.050   0.4712
  20.000   20.100    3.050    3.100   0.5767
  20.000   20.100    3.100    3.150   0.6337
  20.000   20.100    3.150    3.200   0.6931
  20.000   20.100    3.200    3.250   0.7151
  20.000   20.100    3.250    3.300   0.7438
  20.000   20.100    3.300    3.350   0.7033
  20.000   20.100    3.350    3.400   0.5191
  20.000   20.100    3.400    3.450   0.4789
  20.000   20.100    3.450    3.500   0.3514
  20.000   20.100    3.500    3.550   0.1081
  20.000   20.100    3.550    3.600   0.0301
  20.000   20.100    3.600    3.650   0.0047
  20.000   20.100    3.650    3.700   0.0052
  20.000   20.100    3.700    3.750   0.0000
  20.000   20.100    3.750    3.800   0.0000
  20.000   20.100    3.800    3.850   0.0000
  20.000   20.100    3.850    3.900   0.0000
  20.000   20.100    3.900    3.950   0.0047
  20.000   20.100    3.950    4.000   0.0000
  20.000   20.100    4.000    4.050   0.0050
  20.000   20.100    4.050    4.100   0.0000
  20.000   20.100    4.100    4.150   0.0000
  20.000   20.100    4.150    4.200   0.0000
  20.000   20.100    4.200    4.250   0.0000
  20.000   20.100    4.250    4.300   0.0054
  20.000   20.100    4.300    4.350   0.0000
  20.000   20.100    4.350    4.400   0.0000
  20.000   20.100    4.400    4.450   0.0000
  20.000   20.100    4.450    4.500   0.0417
  20.000   20.100    4.500    4.550   0.0000
  20.000   20.100    4.550    4.600   0.0000
  20.100   20.200    2.000    2.050   0.0000
  20.100   20.200    2.050    2.100   0.0000
  20.100   20.200    2.100    2.150   0.0050
  20.100   20.200    2.150    2.200   0.0439
  20.100   20.200    2.200    2.250   0.2435
  20.100   20.200    2.250    2.300   0.4848
  20.100   20.200    2.300    2.350   0.6513
  20.100   20.200    2.350    2.400   0.7330
  20.100   20.200    2.400    2.450   0.7635
  20.100   20.200    2.450    2.500   0.7151
  20.100   20.200    2.500    2.550   0.7927
  20.100   20.200    2.550    2.600   0.7041
  20.100   20.200    2.600    2.650   0.6447
  20.100   20.200    2.650    2.700   0.5677
  20.100   20.200    2.700    2.750   0.3431
  20.100   20.200    2.750    2.800   0.2299
  20.100   20.200    2.800    2.850   0.2538
  20.100   20.200    2.850    2.900   0.3207
  20.100   20.200    2.900    2.950   0.2806
  20.100   20.200    2.950    3.000   0.4098
  20.100   20.200    3.000    3.050   0.4574
  20.100   20.200    3.050    3.100   0.5425
  20.100   20.200    3.100    3.150   0.6377
  20.100   20.200    3.150    3.200   0.6157
  20.100   20.200    3.200    3.250   0.6959
  20.100   20.200    3.250    3.300   0.6578
  20.100   20.200    3.300    3.350   0.6132
  20.100   20.200    3.350    3.400   0.5181
  20.100   20.200    3.400    3.450   0.4853
  20.100   20.200    3.450    3.500   0.3318
  20.100   20.200    3.500    3.550   0.0785
  20.100   20.200    3.550    3.600   0.0000
  20.100   20.200    3.600    3.650   0.0141
  20.100   20.200    3.650    3.700   0.0000
  20.100   20.200    3.700    3.750   0.0000
  20.100   20.200    3.750    3.800   0.0047
  20.100   20.200    3.800    3.850   0.0000
  20.100   20.200    3.850    3.900   0.0000
  20.100   20.200    3.900    3.950   0.0052
  20.100   20.200    3.950    4.000   0.0000
  20.100   20.200    4.000    4.050   0.0048
  20.100   20.200    4.050    4.100   0.0000
  20.100   20.200    4.100    4.150   0.0000
  20.100   20.200    4.150    4.200   0.0000
  20.100   20.200    4.200    4.250   0.0000
  20.100   20.200    4.250    4.300   0.0000
  20.100   20.200    4.300    4.350   0.0000
  20.100   20.200    4.350    4.400   0.0000
  20.100   20.200    4.400    4.450   0.0000
  20.100   20.200    4.450    4.500   0.0000
  20.100   20.200    4.500    4.550   0.0000
  20.100   20.200    4.550    4.600   0.0000
  20.200   20.300    2.000    2.050   0.0053
  20.200   20.300    2.050    2.100   0.0000
  20.200   20.300    2.100    2.150   0.0202
  20.200   20.300    2.150    2.200   0.0308
  20.200   20.300    2.200    2.250   0.1970
  20.200   20.300    2.250    2.300   0.4664
  20.200   20.300    2.300    2.350   0.6684
  20.200   20.300    2.350    2.400   0.6617
  20.200   20.300    2.400    2.450   0.7465
  20.200   20.300    2.450    2.500   0.7489
  20.200   20.300    2.500    2.550   0.7488
  20.200   20.300    2.550    2.600   0.7376
  20.200   20.300    2.600    2.650   0.6473
  20.200   20.300    2.650    2.700   0.4600
  20.200   20.300    2.700    2.750   0.3399
  20.200   20.300    2.750    2.800   0.2604
  20.200   20.300    2.800    2.850   0.2670
  20.200   20.300    2.850    2.900   0.2273
  20.200   20.300    2.900    2.950   0.3738
  20.200   20.300    2.950    3.000   0.3739
  20.200   20.300    3.000    3.050   0.5023
  20.200   20.300    3.050    3.100   0.5888
  20.200   20.300    3.100    3.150   0.6588
  20.200   20.300    3.150    3.200   0.6786
  20.200   20.300    3.200    3.250   0.6106
  20.200   20.300    3.250    3.300   0.6782
  20.200   20.300    3.300    3.350   0.6754
  20.200   20.300    3.350    3.400   0.5174
  20.200   20.300    3.400    3.450   0.4623
  20.200   20.300    3.450    3.500   0.2618
  20.200   20.300    3.500    3.550   0.0563
  20.200   20.300    3.550    3.600   0.0089
  20.200   20.300    3.600    3.650   0.0051
  20.200   20.300    3.650    3.700   0.0237
  20.200   20.300    3.700    3.750   0.0093
  20.200   20.300    3.750    3.800   0.0048
  20.200   20.300    3.800    3.850   0.0000
  20.200   20.300    3.850    3.900   0.0000
  20.200   20.300    3.900    3.950   0.0000
  20.200   20.300    3.950    4.000   0.0000
  20.200   20.300    4.000    4.050   0.0050
  20.200   20.300    4.050    4.100   0.0050
  20.200   20.300    4.100    4.150   0.0054
  20.200   20.300    4.150    4.200   0.0207
  20.200   20.300    4.200    4.250   0.0000
  20.200   20.300    4.250    4.300   0.0000
  20.200   20.300    4.300    4.350   0.0051
  20.200   20.300    4.350    4.400   0.0053
  20.200   20.300    4.400    4.450   0.0000
  20.200   20.300    4.450    4.500   0.0152
  20.200   20.300    4.500    4.550   0.0000
  20.200   20.300    4.550    4.600   0.0000
  20.300   20.400    2.000    2.050   0.0000
  20.300   20.400    2.050    2.100   0.0050
  20.300   20.400    2.100    2.150   0.0152
  20.300   20.400    2.150    2.200   0.0243
  20.300   20.400    2.200    2.250   0.1827
  20.300   20.400    2.250    2.300   0.4382
  20.300   20.400    2.300    2.350   0.5969
  20.300   20.400    2.350    2.400   0.5866
  20.300   20.400    2.400    2.450   0.6859
  20.300   20.400    2.450    2.500   0.6513
  20.300   20.400    2.500    2.550   0.7245
  20.300   20.400    2.550    2.600   0.6904
  20.300   20.400    2.600    2.650   0.5939
  20.300   20.400    2.650    2.700   0.5134
  20.300   20.400    2.700    2.750   0.2842
  20.300   20.400    2.750    2.800   0.2740
  20.300   20.400    2.800    2.850   0.1980
  20.300   20.400    2.850    2.900   0.2541
  20.300   20.400    2.900    2.950   0.2807
  20.300   20.400    2.950    3.000   0.3667
  20.300   20.400    3.000    3.050   0.3904
  20.300   20.400    3.050    3.100   0.5070
  20.300   20.400    3.100    3.150   0.5444
  20.300   20.400    3.150    3.200   0.6400
  20.300   20.400    3.200    3.250   0.6218
  20.300   20.400    3.250    3.300   0.6166
  20.300   20.400    3.300    3.350   0.5911
  20.300   20.400    3.350    3.400   0.5459
  20.300   20.400    3.400    3.450   0.4091
  20.300   20.400    3.450    3.500   0.3883
  20.300   20.400    3.500    3.550   0.1094
  20.300   20.400    3.550    3.600   0.0294
  20.300   20.400    3.600    3.650   0.0153
  20.300   20.400    3.650    3.700   0.0141
  20.300   20.400    3.700    3.750   0.0151
  20.300   20.400    3.750    3.800   0.0047
  20.300   20.400    3.800    3.850   0.0000
  20.300   20.400    3.850    3.900   0.0051
  20.300   20.400    3.900    3.950   0.0051
  20.300   20.400    3.950    4.000   0.0000
  20.300   20.400    4.000    4.050   0.0000
  20.300   20.400    4.050    4.100   0.0044
  20.300   20.400    4.100    4.150   0.0051
  20.300   20.400    4.150    4.200   0.0050
  20.300   20.400    4.200    4.250   0.0056
  20.300   20.400    4.250    4.300   0.0000
  20.300   20.400    4.300    4.350   0.0000
  20.300   20.400    4.350    4.400   0.0000
  20.300   20.400    4.400    4.450   0.0000
  20.300   20.400    4.450    4.500   0.0000
  20.300   20.400    4.500    4.550   0.0000
  20.300   20.400    4.550    4.600   0.0000
  20.400   20.500    2.000    2.050   0.0051
  20.400   20.500    2.050    2.100   0.0110
  20.400   20.500    2.100    2.150   0.0154
  20.400   20.500    2.150    2.200   0.0333
  20.400   20.500    2.200    2.250   0.1700
  20.400   20.500    2.250    2.300   0.4158
  20.400   20.500    2.300    2.350   0.5176
  20.400   20.500    2.350    2.400   0.5909
  20.400   20.500    2.400    2.450   0.6117
  20.400   20.500    2.450    2.500   0.5714
  20.400   20.500    2.500    2.550   0.6396
  20.400   20.500    2.550    2.600   0.5916
  20.400   20.500    2.600    2.650   0.5544
  20.400   20.500    2.650    2.700   0.4588
  20.400   20.500    2.700    2.750   0.3333
  20.400   20.500    2.750    2.800   0.2396
  20.400   20.500    2.800    2.850   0.2327
  20.400   20.500    2.850    2.900   0.1938
  20.400   20.500    2.900    2.950   0.2344
  20.400   20.500    2.950    3.000   0.3731
  20.400   20.500    3.000    3.050   0.4140
  20.400   20.500    3.050    3.100   0.5207
  20.400   20.500    3.100    3.150   0.5153
  20.400   20.500    3.150    3.200   0.5769
  20.400   20.500    3.200    3.250   0.6471
  20.400   20.500    3.250    3.300   0.6065
  20.400   20.500    3.300    3.350   0.5517
  20.400   20.500    3.350    3.400   0.4947
  20.400   20.500    3.400    3.450   0.4252
  20.400   20.500    3.450    3.500   0.3191
  20.400   20.500    3.500    3.550   0.0938
  20.400   20.500    3.550    3.600   0.0265
  20.400   20.500    3.600    3.650   0.0104
  20.400   20.500    3.650    3.700   0.0099
  20.400   20.500    3.700    3.750   0.0215
  20.400   20.500    3.750    3.800   0.0000
  20.400   20.500    3.800    3.850   0.0000
  20.400   20.500    3.850    3.900   0.0000
  20.400   20.500    3.900    3.950   0.0050
  20.400   20.500    3.950    4.000   0.0000
  20.400   20.500    4.000    4.050   0.0054
  20.400   20.500    4.050    4.100   0.0000
  20.400   20.500    4.100    4.150   0.0092
  20.400   20.500    4.150    4.200   0.0050
  20.400   20.500    4.200    4.250   0.0000
  20.400   20.500    4.250    4.300   0.0094
  20.400   20.500    4.300    4.350   0.0052
  20.400   20.500    4.350    4.400   0.0056
  20.400   20.500    4.400    4.450   0.0000
  20.400   20.500    4.450    4.500   0.0000
  20.400   20.500    4.500    4.550   0.0000
  20.400   20.500    4.550    4.600   0.0000
  20.500   20.600    2.000    2.050   0.0000
  20.500   20.600    2.050    2.100   0.0000
  20.500   20.600    2.100    2.150   0.0050
  20.500   20.600    2.150    2.200   0.0513
  20.500   20.600    2.200    2.250   0.2073
  20.500   20.600    2.250    2.300   0.3770
  20.500   20.600    2.300    2.350   0.5178
  20.500   20.600    2.350    2.400   0.5444
  20.500   20.600    2.400    2.450   0.6373
  20.500   20.600    2.450    2.500   0.5774
  20.500   20.600    2.500    2.550   0.5468
  20.500   20.600    2.550    2.600   0.5509
  20.500   20.600    2.600    2.650   0.5637
  20.500   20.600    2.650    2.700   0.4258
  20.500   20.600    2.700    2.750   0.3268
  20.500   20.600    2.750    2.800   0.3058
  20.500   20.600    2.800    2.850   0.2234
  20.500   20.600    2.850    2.900   0.2732
  20.500   20.600    2.900    2.950   0.2701
  20.500   20.600    2.950    3.000   0.3065
  20.500   20.600    3.000    3.050   0.3932
  20.500   20.600    3.050    3.100   0.3889
  20.500   20.600    3.100    3.150   0.5380
  20.500   20.600    3.150    3.200   0.5503
  20.500   20.600    3.200    3.250   0.5781
  20.500   20.600    3.250    3.300   0.6533
  20.500   20.600    3.300    3.350   0.5918
  20.500   20.600    3.350    3.400   0.5146
  20.500   20.600    3.400    3.450   0.3316
  20.500   20.600    3.450    3.500   0.2429
  20.500   20.600    3.500    3.550   0.1262
  20.500   20.600    3.550    3.600   0.0515
  20.500   20.600    3.600    3.650   0.0099
  20.500   20.600    3.650    3.700   0.0000
  20.500   20.600    3.700    3.750   0.0046
  20.500   20.600    3.750    3.800   0.0000
  20.500   20.600    3.800    3.850   0.0050
  20.500   20.600    3.850    3.900   0.0000
  20.500   20.600    3.900    3.950   0.0048
  20.500   20.600    3.950    4.000   0.0050
  20.500   20.600    4.000    4.050   0.0051
  20.500   20.600    4.050    4.100   0.0052
  20.500   20.600    4.100    4.150   0.0000
  20.500   20.600    4.150    4.200   0.0000
  20.500   20.600    4.200    4.250   0.0110
  20.500   20.600    4.250    4.300   0.0058
  20.500   20.600    4.300    4.350   0.0053
  20.500   20.600    4.350    4.400   0.0000
  20.500   20.600    4.400    4.450   0.0000
  20.500   20.600    4.450    4.500   0.0077
  20.500   20.600    4.500    4.550   0.0000
  20.500   20.600    4.550    4.600   0.0000
  20.600   20.700    2.000    2.050   0.0049
  20.600   20.700    2.050    2.100   0.0047
  20.600   20.700    2.100    2.150   0.0274
  20.600   20.700    2.150    2.200   0.0341
  20.600   20.700    2.200    2.250   0.2233
  20.600   20.700    2.250    2.300   0.4229
  20.600   20.700    2.300    2.350   0.4742
  20.600   20.700    2.350    2.400   0.5143
  20.600   20.700    2.400    2.450   0.5342
  20.600   20.700    2.450    2.500   0.5258
  20.600   20.700    2.500    2.550   0.5616
  20.600   20.700    2.550    2.600   0.5419
  20.600   20.700    2.600    2.650   0.4950
  20.600   20.700    2.650    2.700   0.4104
  20.600   20.700    2.700    2.750   0.2804
  20.600   20.700    2.750    2.800   0.3024
  20.600   20.700    2.800    2.850   0.2512
  20.600   20.700    2.850    2.900   0.2350
  20.600   20.700    2.900    2.950   0.2700
  20.600   20.700    2.950    3.000   0.3147
  20.600   20.700    3.000    3.050   0.3805
  20.600   20.700    3.050    3.100   0.3805
  20.600   20.700    3.100    3.150   0.4693
  20.600   20.700    3.150    3.200   0.5521
  20.600   20.700    3.200    3.250   0.6147
  20.600   20.700    3.250    3.300   0.5806
  20.600   20.700    3.300    3.350   0.5441
  20.600   20.700    3.350    3.400   0.5047
  20.600   20.700    3.400    3.450   0.3836
  20.600   20.700    3.450    3.500   0.2324
  20.600   20.700    3.500    3.550   0.0808
  20.600   20.700    3.550    3.600   0.0149
  20.600   20.700    3.600    3.650   0.0197
  20.600   20.700    3.650    3.700   0.0000
  20.600   20.700    3.700    3.750   0.0102
  20.600   20.700    3.750    3.800   0.0096
  20.600   20.700    3.800    3.850   0.0000
  20.600   20.700    3.850    3.900   0.0000
  20.600   20.700    3.900    3.950   0.0000
  20.600   20.700    3.950    4.000   0.0000
  20.600   20.700    4.000    4.050   0.0049
  20.600   20.700    4.050    4.100   0.0000
  20.600   20.700    4.100    4.150   0.0054
  20.600   20.700    4.150    4.200   0.0000
  20.600   20.700    4.200    4.250   0.0000
  20.600   20.700    4.250    4.300   0.0048
  20.600   20.700    4.300    4.350   0.0047
  20.600   20.700    4.350    4.400   0.0051
  20.600   20.700    4.400    4.450   0.0000
  20.600   20.700    4.450    4.500   0.0071
  20.600   20.700    4.500    4.550   0.0000
  20.600   20.700    4.550    4.600   0.0179
  20.700   20.800    2.000    2.050   0.0000
  20.700   20.800    2.050    2.100   0.0052
  20.700   20.800    2.100    2.150   0.0053
  20.700   20.800    2.150    2.200   0.0355
  20.700   20.800    2.200    2.250   0.1027
  20.700   20.800    2.250    2.300   0.3021
  20.700   20.800    2.300    2.350   0.3886
  20.700   20.800    2.350    2.400   0.4975
  20.700   20.800    2.400    2.450   0.5408
  20.700   20.800    2.450    2.500   0.5220
  20.700   20.800    2.500    2.550   0.4641
  20.700   20.800    2.550    2.600   0.4972
  20.700   20.800    2.600    2.650   0.4593
  20.700   20.800    2.650    2.700   0.3533
  20.700   20.800    2.700    2.750   0.2642
  20.700   20.800    2.750    2.800   0.2396
  20.700   20.800    2.800    2.850   0.1799
  20.700   20.800    2.850    2.900   0.1782
  20.700   20.800    2.900    2.950   0.2677
  20.700   20.800    2.950    3.000   0.2800
  20.700   20.800    3.000    3.050   0.3149
  20.700   20.800    3.050    3.100   0.3812
  20.700   20.800    3.100    3.150   0.4608
  20.700   20.800    3.150    3.200   0.5654
  20.700   20.800    3.200    3.250   0.6296
  20.700   20.800    3.250    3.300   0.6071
  20.700   20.800    3.300    3.350   0.6436
  20.700   20.800    3.350    3.400   0.5323
  20.700   20.800    3.400    3.450   0.3410
  20.700   20.800    3.450    3.500   0.2785
  20.700   20.800    3.500    3.550   0.1333
  20.700   20.800    3.550    3.600   0.0202
  20.700   20.800    3.600    3.650   0.0057
  20.700   20.800    3.650    3.700   0.0109
  20.700   20.800    3.700    3.750   0.0108
  20.700   20.800    3.750    3.800   0.0109
  20.700   20.800    3.800    3.850   0.0000
  20.700   20.800    3.850    3.900   0.0000
  20.700   20.800    3.900    3.950   0.0000
  20.700   20.800    3.950    4.000   0.0000
  20.700   20.800    4.000    4.050   0.0000
  20.700   20.800    4.050    4.100   0.0051
  20.700   20.800    4.100    4.150   0.0000
  20.700   20.800    4.150    4.200   0.0000
  20.700   20.800    4.200    4.250   0.0050
  20.700   20.800    4.250    4.300   0.0000
  20.700   20.800    4.300    4.350   0.0169
  20.700   20.800    4.350    4.400   0.0000
  20.700   20.800    4.400    4.450   0.0000
  20.700   20.800    4.450    4.500   0.0000
  20.700   20.800    4.500    4.550   0.0000
  20.700   20.800    4.550    4.600   0.0000
  20.800   20.900    2.000    2.050   0.0000
  20.800   20.900    2.050    2.100   0.0000
  20.800   20.900    2.100    2.150   0.0000
  20.800   20.900    2.150    2.200   0.0598
  20.800   20.900    2.200    2.250   0.1422
  20.800   20.900    2.250    2.300   0.3380
  20.800   20.900    2.300    2.350   0.4387
  20.800   20.900    2.350    2.400   0.4615
  20.800   20.900    2.400    2.450   0.4810
  20.800   20.900    2.450    2.500   0.4109
  20.800   20.900    2.500    2.550   0.5392
  20.800   20.900    2.550    2.600   0.4258
  20.800   20.900    2.600    2.650   0.4182
  20.800   20.900    2.650    2.700   0.3602
  20.800   20.900    2.700    2.750   0.2829
  20.800   20.900    2.750    2.800   0.2677
  20.800   20.900    2.800    2.850   0.2180
  20.800   20.900    2.850    2.900   0.2083
  20.800   20.900    2.900    2.950   0.2969
  20.800   20.900    2.950    3.000   0.3015
  20.800   20.900    3.000    3.050   0.3617
  20.800   20.900    3.050    3.100   0.3723
  20.800   20.900    3.100    3.150   0.4886
  20.800   20.900    3.150    3.200   0.4873
  20.800   20.900    3.200    3.250   0.5392
  20.800   20.900    3.250    3.300   0.4954
  20.800   20.900    3.300    3.350   0.5144
  20.800   20.900    3.350    3.400   0.4819
  20.800   20.900    3.400    3.450   0.3793
  20.800   20.900    3.450    3.500   0.2261
  20.800   20.900    3.500    3.550   0.0616
  20.800   20.900    3.550    3.600   0.0104
  20.800   20.900    3.600    3.650   0.0225
  20.800   20.900    3.650    3.700   0.0098
  20.800   20.900    3.700    3.750   0.0053
  20.800   20.900    3.750    3.800   0.0049
  20.800   20.900    3.800    3.850   0.0047
  20.800   20.900    3.850    3.900   0.0000
  20.800   20.900    3.900    3.950   0.0000
  20.800   20.900    3.950    4.000   0.0000
  20.800   20.900    4.000    4.050   0.0000
  20.800   20.900    4.050    4.100   0.0000
  20.800   20.900    4.100    4.150   0.0051
  20.800   20.900    4.150    4.200   0.0000
  20.800   20.900    4.200    4.250   0.0000
  20.800   20.900    4.250    4.300   0.0000
  20.800   20.900    4.300    4.350   0.0104
  20.800   20.900    4.350    4.400   0.0092
  20.800   20.900    4.400    4.450   0.0000
  20.800   20.900    4.450    4.500   0.0048
  20.800   20.900    4.500    4.550   0.0000
  20.800   20.900    4.550    4.600   0.0000
  20.900   21.000    2.000    2.050   0.0093
  20.900   21.000    2.050    2.100   0.0000
  20.900   21.000    2.100    2.150   0.0050
  20.900   21.000    2.150    2.200   0.0564
  20.900   21.000    2.200    2.250   0.1557
  20.900   21.000    2.250    2.300   0.2637
  20.900   21.000    2.300    2.350   0.3582
  20.900   21.000    2.350    2.400   0.4559
  20.900   21.000    2.400    2.450   0.4615
  20.900   21.000    2.450    2.500   0.4869
  20.900   21.000    2.500    2.550   0.3858
  20.900   21.000    2.550    2.600   0.3706
  20.900   21.000    2.600    2.650   0.4409
  20.900   21.000    2.650    2.700   0.3586
  20.900   21.000    2.700    2.750   0.2577
  20.900   21.000    2.750    2.800   0.2338
  20.900   21.000    2.800    2.850   0.1692
  20.900   21.000    2.850    2.900   0.2559
  20.900   21.000    2.900    2.950   0.2167
  20.900   21.000    2.950    3.000   0.2887
  20.900   21.000    3.000    3.050   0.3592
  20.900   21.000    3.050    3.100   0.3861
  20.900   21.000    3.100    3.150   0.4264
  20.900   21.000    3.150    3.200   0.4623
  20.900   21.000    3.200    3.250   0.4876
  20.900   21.000    3.250    3.300   0.5327
  20.900   21.000    3.300    3.350   0.4286
  20.900   21.000    3.350    3.400   0.4637
  20.900   21.000    3.400    3.450   0.2977
  20.900   21.000    3.450    3.500   0.1780
  20.900   21.000    3.500    3.550   0.0758
  20.900   21.000    3.550    3.600   0.0094
  20.900   21.000    3.600    3.650   0.0213
  20.900   21.000    3.650    3.700   0.0000
  20.900   21.000    3.700    3.750   0.0048
  20.900   21.000    3.750    3.800   0.0047
  20.900   21.000    3.800    3.850   0.0165
  20.900   21.000    3.850    3.900   0.0056
  20.900   21.000    3.900    3.950   0.0000
  20.900   21.000    3.950    4.000   0.0000
  20.900   21.000    4.000    4.050   0.0055
  20.900   21.000    4.050    4.100   0.0000
  20.900   21.000    4.100    4.150   0.0000
  20.900   21.000    4.150    4.200   0.0000
  20.900   21.000    4.200    4.250   0.0050
  20.900   21.000    4.250    4.300   0.0155
  20.900   21.000    4.300    4.350   0.0047
  20.900   21.000    4.350    4.400   0.0000
  20.900   21.000    4.400    4.450   0.0000
  20.900   21.000    4.450    4.500   0.0050
  20.900   21.000    4.500    4.550   0.0000
  20.900   21.000    4.550    4.600   0.0000
  21.000   21.100    2.000    2.050   0.0000
  21.000   21.100    2.050    2.100   0.0052
  21.000   21.100    2.100    2.150   0.0195
  21.000   21.100    2.150    2.200   0.0279
  21.000   21.100    2.200    2.250   0.1361
  21.000   21.100    2.250    2.300   0.2747
  21.000   21.100    2.300    2.350   0.3173
  21.000   21.100    2.350    2.400   0.4136
  21.000   21.100    2.400    2.450   0.3645
  21.000   21.100    2.450    2.500   0.4216
  21.000   21.100    2.500    2.550   0.3939
  21.000   21.100    2.550    2.600   0.3911
  21.000   21.100    2.600    2.650   0.3314
  21.000   21.100    2.650    2.700   0.3022
  21.000   21.100    2.700    2.750   0.2430
  21.000   21.100    2.750    2.800   0.2120
  21.000   21.100    2.800    2.850   0.2241
  21.000   21.100    2.850    2.900   0.2228
  21.000   21.100    2.900    2.950   0.2211
  21.000   21.100    2.950    3.000   0.2537
  21.000   21.100    3.000    3.050   0.2837
  21.000   21.100    3.050    3.100   0.2950
  21.000   21.100    3.100    3.150   0.4093
  21.000   21.100    3.150    3.200   0.4155
  21.000   21.100    3.200    3.250   0.4787
  21.000   21.100    3.250    3.300   0.4759
  21.000   21.100    3.300    3.350   0.3756
  21.000   21.100    3.350    3.400   0.3921
  21.000   21.100    3.400    3.450   0.3351
  21.000   21.100    3.450    3.500   0.1709
  21.000   21.100    3.500    3.550   0.0680
  21.000   21.100    3.550    3.600   0.0195
  21.000   21.100    3.600    3.650   0.0146
  21.000   21.100    3.650    3.700   0.0093
  21.000   21.100    3.700    3.750   0.0000
  21.000   21.100    3.750    3.800   0.0000
  21.000   21.100    3.800    3.850   0.0050
  21.000   21.100    3.850    3.900   0.0000
  21.000   21.100    3.900    3.950   0.0000
  21.000   21.100    3.950    4.000   0.0000
  21.000   21.100    4.000    4.050   0.0050
  21.000   21.100    4.050    4.100   0.0051
  21.000   21.100    4.100    4.150   0.0051
  21.000   21.100    4.150    4.200   0.0000
  21.000   21.100    4.200    4.250   0.0106
  21.000   21.100    4.250    4.300   0.0051
  21.000   21.100    4.300    4.350   0.0000
  21.000   21.100    4.350    4.400   0.0113
  21.000   21.100    4.400    4.450   0.0000
  21.000   21.100    4.450    4.500   0.0000
  21.000   21.100    4.500    4.550   0.0000
  21.000   21.100    4.550    4.600   0.0075
  21.100   21.200    2.000    2.050   0.0000
  21.100   21.200    2.050    2.100   0.0000
  21.100   21.200    2.100    2.150   0.0208
  21.100   21.200    2.150    2.200   0.0466
  21.100   21.200    2.200    2.250   0.1179
  21.100   21.200    2.250    2.300   0.2512
  21.100   21.200    2.300    2.350   0.3005
  21.100   21.200    2.350    2.400   0.3846
  21.100   21.200    2.400    2.450   0.3618
  21.100   21.200    2.450    2.500   0.3505
  21.100   21.200    2.500    2.550   0.3262
  21.100   21.200    2.550    2.600   0.3830
  21.100   21.200    2.600    2.650   0.3474
  21.100   21.200    2.650    2.700   0.3100
  21.100   21.200    2.700    2.750   0.2574
  21.100   21.200    2.750    2.800   0.2247
  21.100   21.200    2.800    2.850   0.2111
  21.100   21.200    2.850    2.900   0.1848
  21.100   21.200    2.900    2.950   0.2304
  21.100   21.200    2.950    3.000   0.2500
  21.100   21.200    3.000    3.050   0.2308
  21.100   21.200    3.050    3.100   0.3209
  21.100   21.200    3.100    3.150   0.2604
  21.100   21.200    3.150    3.200   0.3457
  21.100   21.200    3.200    3.250   0.4054
  21.100   21.200    3.250    3.300   0.5365
  21.100   21.200    3.300    3.350   0.4589
  21.100   21.200    3.350    3.400   0.3641
  21.100   21.200    3.400    3.450   0.1897
  21.100   21.200    3.450    3.500   0.1531
  21.100   21.200    3.500    3.550   0.0825
  21.100   21.200    3.550    3.600   0.0165
  21.100   21.200    3.600    3.650   0.0052
  21.100   21.200    3.650    3.700   0.0000
  21.100   21.200    3.700    3.750   0.0000
  21.100   21.200    3.750    3.800   0.0000
  21.100   21.200    3.800    3.850   0.0057
  21.100   21.200    3.850    3.900   0.0000
  21.100   21.200    3.900    3.950   0.0106
  21.100   21.200    3.950    4.000   0.0000
  21.100   21.200    4.000    4.050   0.0052
  21.100   21.200    4.050    4.100   0.0050
  21.100   21.200    4.100    4.150   0.0000
  21.100   21.200    4.150    4.200   0.0046
  21.100   21.200    4.200    4.250   0.0000
  21.100   21.200    4.250    4.300   0.0047
  21.100   21.200    4.300    4.350   0.0000
  21.100   21.200    4.350    4.400   0.0208
  21.100   21.200    4.400    4.450   0.0000
  21.100   21.200    4.450    4.500   0.0097
  21.100   21.200    4.500    4.550   0.0055
  21.100   21.200    4.550    4.600   0.0115
  21.200   21.300    2.000    2.050   0.0144
  21.200   21.300    2.050    2.100   0.0048
  21.200   21.300    2.100    2.150   0.0000
  21.200   21.300    2.150    2.200   0.0476
  21.200   21.300    2.200    2.250   0.1330
  21.200   21.300    2.250    2.300   0.2308
  21.200   21.300    2.300    2.350   0.2587
  21.200   21.300    2.350    2.400   0.3548
  21.200   21.300    2.400    2.450   0.3448
  21.200   21.300    2.450    2.500   0.3350
  21.200   21.300    2.500    2.550   0.3190
  21.200   21.300    2.550    2.600   0.3333
  21.200   21.300    2.600    2.650   0.3155
  21.200   21.300    2.650    2.700   0.2619
  21.200   21.300    2.700    2.750   0.2257
  21.200   21.300    2.750    2.800   0.2098
  21.200   21.300    2.800    2.850   0.1616
  21.200   21.300    2.850    2.900   0.2301
  21.200   21.300    2.900    2.950   0.1333
  21.200   21.300    2.950    3.000   0.2126
  21.200   21.300    3.000    3.050   0.2746
  21.200   21.300    3.050    3.100   0.3213
  21.200   21.300    3.100    3.150   0.3430
  21.200   21.300    3.150    3.200   0.3515
  21.200   21.300    3.200    3.250   0.3889
  21.200   21.300    3.250    3.300   0.3544
  21.200   21.300    3.300    3.350   0.3443
  21.200   21.300    3.350    3.400   0.2857
  21.200   21.300    3.400    3.450   0.2341
  21.200   21.300    3.450    3.500   0.1604
  21.200   21.300    3.500    3.550   0.0773
  21.200   21.300    3.550    3.600   0.0190
  21.200   21.300    3.600    3.650   0.0105
  21.200   21.300    3.650    3.700   0.0000
  21.200   21.300    3.700    3.750   0.0174
  21.200   21.300    3.750    3.800   0.0102
  21.200   21.300    3.800    3.850   0.0000
  21.200   21.300    3.850    3.900   0.0000
  21.200   21.300    3.900    3.950   0.0000
  21.200   21.300    3.950    4.000   0.0000
  21.200   21.300    4.000    4.050   0.0048
  21.200   21.300    4.050    4.100   0.0000
  21.200   21.300    4.100    4.150   0.0052
  21.200   21.300    4.150    4.200   0.0000
  21.200   21.300    4.200    4.250   0.0000
  21.200   21.300    4.250    4.300   0.0115
  21.200   21.300    4.300    4.350   0.0049
  21.200   21.300    4.350    4.400   0.0103
  21.200   21.300    4.400    4.450   0.0049
  21.200   21.300    4.450    4.500   0.0102
  21.200   21.300    4.500    4.550   0.0052
  21.200   21.300    4.550    4.600   0.0171
  21.300   21.400    2.000    2.050   0.0044
  21.300   21.400    2.050    2.100   0.0000
  21.300   21.400    2.100    2.150   0.0000
  21.300   21.400    2.150    2.200   0.0417
  21.300   21.400    2.200    2.250   0.0820
  21.300   21.400    2.250    2.300   0.1526
  21.300   21.400    2.300    2.350   0.2088
  21.300   21.400    2.350    2.400   0.2857
  21.300   21.400    2.400    2.450   0.3135
  21.300   21.400    2.450    2.500   0.2970
  21.300   21.400    2.500    2.550   0.2318
  21.300   21.400    2.550    2.600   0.2435
  21.300   21.400    2.600    2.650   0.2311
  21.300   21.400    2.650    2.700   0.3057
  21.300   21.400    2.700    2.750   0.1979
  21.300   21.400    2.750    2.800   0.1900
  21.300   21.400    2.800    2.850   0.1554
  21.300   21.400    2.850    2.900   0.1412
  21.300   21.400    2.900    2.950   0.1731
  21.300   21.400    2.950    3.000   0.2398
  21.300   21.400    3.000    3.050   0.2110
  21.300   21.400    3.050    3.100   0.2885
  21.300   21.400    3.100    3.150   0.2857
  21.300   21.400    3.150    3.200   0.3105
  21.300   21.400    3.200    3.250   0.4472
  21.300   21.400    3.250    3.300   0.3706
  21.300   21.400    3.300    3.350   0.3547
  21.300   21.400    3.350    3.400   0.2864
  21.300   21.400    3.400    3.450   0.1748
  21.300   21.400    3.450    3.500   0.1383
  21.300   21.400    3.500    3.550   0.0333
  21.300   21.400    3.550    3.600   0.0304
  21.300   21.400    3.600    3.650   0.0048
  21.300   21.400    3.650    3.700   0.0000
  21.300   21.400    3.700    3.750   0.0047
  21.300   21.400    3.750    3.800   0.0047
  21.300   21.400    3.800    3.850   0.0000
  21.300   21.400    3.850    3.900   0.0054
  21.300   21.400    3.900    3.950   0.0000
  21.300   21.400    3.950    4.000   0.0000
  21.300   21.400    4.000    4.050   0.0000
  21.300   21.400    4.050    4.100   0.0000
  21.300   21.400    4.100    4.150   0.0052
  21.300   21.400    4.150    4.200   0.0054
  21.300   21.400    4.200    4.250   0.0046
  21.300   21.400    4.250    4.300   0.0050
  21.300   21.400    4.300    4.350   0.0000
  21.300   21.400    4.350    4.400   0.0000
  21.300   21.400    4.400    4.450   0.0000
  21.300   21.400    4.450    4.500   0.0052
  21.300   21.400    4.500    4.550   0.0091
  21.300   21.400    4.550    4.600   0.0244
  21.400   21.500    2.000    2.050   0.0050
  21.400   21.500    2.050    2.100   0.0108
  21.400   21.500    2.100    2.150   0.0133
  21.400   21.500    2.150    2.200   0.0303
  21.400   21.500    2.200    2.250   0.0829
  21.400   21.500    2.250    2.300   0.1690
  21.400   21.500    2.300    2.350   0.2083
  21.400   21.500    2.350    2.400   0.2487
  21.400   21.500    2.400    2.450   0.2325
  21.400   21.500    2.450    2.500   0.2536
  21.400   21.500    2.500    2.550   0.2458
  21.400   21.500    2.550    2.600   0.2938
  21.400   21.500    2.600    2.650   0.2115
  21.400   21.500    2.650    2.700   0.1756
  21.400   21.500    2.700    2.750   0.1217
  21.400   21.500    2.750    2.800   0.1598
  21.400   21.500    2.800    2.850   0.1724
  21.400   21.500    2.850    2.900   0.1737
  21.400   21.500    2.900    2.950   0.2010
  21.400   21.500    2.950    3.000   0.1737
  21.400   21.500    3.000    3.050   0.2074
  21.400   21.500    3.050    3.100   0.1859
  21.400   21.500    3.100    3.150   0.2486
  21.400   21.500    3.150    3.200   0.2772
  21.400   21.500    3.200    3.250   0.3401
  21.400   21.500    3.250    3.300   0.2626
  21.400   21.500    3.300    3.350   0.2929
  21.400   21.500    3.350    3.400   0.2207
  21.400   21.500    3.400    3.450   0.1813
  21.400   21.500    3.450    3.500   0.1144
  21.400   21.500    3.500    3.550   0.0612
  21.400   21.500    3.550    3.600   0.0222
  21.400   21.500    3.600    3.650   0.0213
  21.400   21.500    3.650    3.700   0.0052
  21.400   21.500    3.700    3.750   0.0060
  21.400   21.500    3.750    3.800   0.0047
  21.400   21.500    3.800    3.850   0.0056
  21.400   21.500    3.850    3.900   0.0048
  21.400   21.500    3.900    3.950   0.0000
  21.400   21.500    3.950    4.000   0.0000
  21.400   21.500    4.000    4.050   0.0000
  21.400   21.500    4.050    4.100   0.0000
  21.400   21.500    4.100    4.150   0.0049
  21.400   21.500    4.150    4.200   0.0046
  21.400   21.500    4.200    4.250   0.0000
  21.400   21.500    4.250    4.300   0.0000
  21.400   21.500    4.300    4.350   0.0044
  21.400   21.500    4.350    4.400   0.0048
  21.400   21.500    4.400    4.450   0.0094
  21.400   21.500    4.450    4.500   0.0000
  21.400   21.500    4.500    4.550   0.0169
  21.400   21.500    4.550    4.600   0.0276
  21.500   21.600    2.000    2.050   0.0000
  21.500   21.600    2.050    2.100   0.0149
  21.500   21.600    2.100    2.150   0.0109
  21.500   21.600    2.150    2.200   0.0273
  21.500   21.600    2.200    2.250   0.0561
  21.500   21.600    2.250    2.300   0.1390
  21.500   21.600    2.300    2.350   0.1813
  21.500   21.600    2.350    2.400   0.2249
  21.500   21.600    2.400    2.450   0.2000
  21.500   21.600    2.450    2.500   0.2000
  21.500   21.600    2.500    2.550   0.2020
  21.500   21.600    2.550    2.600   0.1881
  21.500   21.600    2.600    2.650   0.2135
  21.500   21.600    2.650    2.700   0.1726
  21.500   21.600    2.700    2.750   0.1337
  21.500   21.600    2.750    2.800   0.1407
  21.500   21.600    2.800    2.850   0.1726
  21.500   21.600    2.850    2.900   0.0969
  21.500   21.600    2.900    2.950   0.1300
  21.500   21.600    2.950    3.000   0.1675
  21.500   21.600    3.000    3.050   0.1576
  21.500   21.600    3.050    3.100   0.1804
  21.500   21.600    3.100    3.150   0.2198
  21.500   21.600    3.150    3.200   0.2423
  21.500   21.600    3.200    3.250   0.2850
  21.500   21.600    3.250    3.300   0.2032
  21.500   21.600    3.300    3.350   0.2383
  21.500   21.600    3.350    3.400   0.1667
  21.500   21.600    3.400    3.450   0.1518
  21.500   21.600    3.450    3.500   0.0519
  21.500   21.600    3.500    3.550   0.0588
  21.500   21.600    3.550    3.600   0.0151
  21.500   21.600    3.600    3.650   0.0196
  21.500   21.600    3.650    3.700   0.0048
  21.500   21.600    3.700    3.750   0.0048
  21.500   21.600    3.750    3.800   0.0000
  21.500   21.600    3.800    3.850   0.0144
  21.500   21.600    3.850    3.900   0.0047
  21.500   21.600    3.900    3.950   0.0000
  21.500   21.600    3.950    4.000   0.0000
  21.500   21.600    4.000    4.050   0.0000
  21.500   21.600    4.050    4.100   0.0000
  21.500   21.600    4.100    4.150   0.0050
  21.500   21.600    4.150    4.200   0.0000
  21.500   21.600    4.200    4.250   0.0048
  21.500   21.600    4.250    4.300   0.0000
  21.500   21.600    4.300    4.350   0.0094
  21.500   21.600    4.350    4.400   0.0000
  21.500   21.600    4.400    4.450   0.0000
  21.500   21.600    4.450    4.500   0.0097
  21.500   21.600    4.500    4.550   0.0103
  21.500   21.600    4.550    4.600   0.0268
  21.600   21.700    2.000    2.050   0.0100
  21.600   21.700    2.050    2.100   0.0042
  21.600   21.700    2.100    2.150   0.0000
  21.600   21.700    2.150    2.200   0.0248
  21.600   21.700    2.200    2.250   0.0553
  21.600   21.700    2.250    2.300   0.0700
  21.600   21.700    2.300    2.350   0.1090
  21.600   21.700    2.350    2.400   0.1040
  21.600   21.700    2.400    2.450   0.1123
  21.600   21.700    2.450    2.500   0.1158
  21.600   21.700    2.500    2.550   0.1521
  21.600   21.700    2.550    2.600   0.1500
  21.600   21.700    2.600    2.650   0.1594
  21.600   21.700    2.650    2.700   0.1033
  21.600   21.700    2.700    2.750   0.1312
  21.600   21.700    2.750    2.800   0.1330
  21.600   21.700    2.800    2.850   0.1250
  21.600   21.700    2.850    2.900   0.0950
  21.600   21.700    2.900    2.950   0.1211
  21.600   21.700    2.950    3.000   0.1476
  21.600   21.700    3.000    3.050   0.1264
  21.600   21.700    3.050    3.100   0.1317
  21.600   21.700    3.100    3.150   0.1618
  21.600   21.700    3.150    3.200   0.2400
  21.600   21.700    3.200    3.250   0.2435
  21.600   21.700    3.250    3.300   0.2032
  21.600   21.700    3.300    3.350   0.1950
  21.600   21.700    3.350    3.400   0.1497
  21.600   21.700    3.400    3.450   0.0812
  21.600   21.700    3.450    3.500   0.0103
  21.600   21.700    3.500    3.550   0.0419
  21.600   21.700    3.550    3.600   0.0000
  21.600   21.700    3.600    3.650   0.0000
  21.600   21.700    3.650    3.700   0.0051
  21.600   21.700    3.700    3.750   0.0045
  21.600   21.700    3.750    3.800   0.0052
  21.600   21.700    3.800    3.850   0.0047
  21.600   21.700    3.850    3.900   0.0000
  21.600   21.700    3.900    3.950   0.0000
  21.600   21.700    3.950    4.000   0.0000
  21.600   21.700    4.000    4.050   0.0000
  21.600   21.700    4.050    4.100   0.0000
  21.600   21.700    4.100    4.150   0.0000
  21.600   21.700    4.150    4.200   0.0000
  21.600   21.700    4.200    4.250   0.0100
  21.600   21.700    4.250    4.300   0.0052
  21.600   21.700    4.300    4.350   0.0053
  21.600   21.700    4.350    4.400   0.0107
  21.600   21.700    4.400    4.450   0.0046
  21.600   21.700    4.450    4.500   0.0207
  21.600   21.700    4.500    4.550   0.0198
  21.600   21.700    4.550    4.600   0.0204
  21.700   21.800    2.000    2.050   0.0000
  21.700   21.800    2.050    2.100   0.0000
  21.700   21.800    2.100    2.150   0.0000
  21.700   21.800    2.150    2.200   0.0274
  21.700   21.800    2.200    2.250   0.0235
  21.700   21.800    2.250    2.300   0.0728
  21.700   21.800    2.300    2.350   0.0585
  21.700   21.800    2.350    2.400   0.0930
  21.700   21.800    2.400    2.450   0.1106
  21.700   21.800    2.450    2.500   0.0966
  21.700   21.800    2.500    2.550   0.0686
  21.700   21.800    2.550    2.600   0.1163
  21.700   21.800    2.600    2.650   0.1604
  21.700   21.800    2.650    2.700   0.0870
  21.700   21.800    2.700    2.750   0.1128
  21.700   21.800    2.750    2.800   0.1168
  21.700   21.800    2.800    2.850   0.0809
  21.700   21.800    2.850    2.900   0.1116
  21.700   21.800    2.900    2.950   0.1186
  21.700   21.800    2.950    3.000   0.0754
  21.700   21.800    3.000    3.050   0.1546
  21.700   21.800    3.050    3.100   0.0622
  21.700   21.800    3.100    3.150   0.1150
  21.700   21.800    3.150    3.200   0.1972
  21.700   21.800    3.200    3.250   0.1701
  21.700   21.800    3.250    3.300   0.1869
  21.700   21.800    3.300    3.350   0.1337
  21.700   21.800    3.350    3.400   0.1190
  21.700   21.800    3.400    3.450   0.0594
  21.700   21.800    3.450    3.500   0.0380
  21.700   21.800    3.500    3.550   0.0106
  21.700   21.800    3.550    3.600   0.0000
  21.700   21.800    3.600    3.650   0.0046
  21.700   21.800    3.650    3.700   0.0047
  21.700   21.800    3.700    3.750   0.0000
  21.700   21.800    3.750    3.800   0.0046
  21.700   21.800    3.800    3.850   0.0000
  21.700   21.800    3.850    3.900   0.0000
  21.700   21.800    3.900    3.950   0.0044
  21.700   21.800    3.950    4.000   0.0000
  21.700   21.800    4.000    4.050   0.0000
  21.700   21.800    4.050    4.100   0.0000
  21.700   21.800    4.100    4.150   0.0045
  21.700   21.800    4.150    4.200   0.0087
  21.700   21.800    4.200    4.250   0.0000
  21.700   21.800    4.250    4.300   0.0097
  21.700   21.800    4.300    4.350   0.0045
  21.700   21.800    4.350    4.400   0.0049
  21.700   21.800    4.400    4.450   0.0045
  21.700   21.800    4.450    4.500   0.0000
  21.700   21.800    4.500    4.550   0.0049
  21.700   21.800    4.550    4.600   0.0497
  21.800   21.900    2.000    2.050   0.0101
  21.800   21.900    2.050    2.100   0.0058
  21.800   21.900    2.100    2.150   0.0000
  21.800   21.900    2.150    2.200   0.0097
  21.800   21.900    2.200    2.250   0.0240
  21.800   21.900    2.250    2.300   0.0297
  21.800   21.900    2.300    2.350   0.0385
  21.800   21.900    2.350    2.400   0.0512
  21.800   21.900    2.400    2.450   0.0650
  21.800   21.900    2.450    2.500   0.0659
  21.800   21.900    2.500    2.550   0.0725
  21.800   21.900    2.550    2.600   0.0677
  21.800   21.900    2.600    2.650   0.0697
  21.800   21.900    2.650    2.700   0.0571
  21.800   21.900    2.700    2.750   0.0376
  21.800   21.900    2.750    2.800   0.0833
  21.800   21.900    2.800    2.850   0.0607
  21.800   21.900    2.850    2.900   0.0386
  21.800   21.900    2.900    2.950   0.0521
  21.800   21.900    2.950    3.000   0.0833
  21.800   21.900    3.000    3.050   0.0964
  21.800   21.900    3.050    3.100   0.0785
  21.800   21.900    3.100    3.150   0.0936
  21.800   21.900    3.150    3.200   0.1068
  21.800   21.900    3.200    3.250   0.1393
  21.800   21.900    3.250    3.300   0.1290
  21.800   21.900    3.300    3.350   0.0825
  21.800   21.900    3.350    3.400   0.0923
  21.800   21.900    3.400    3.450   0.0462
  21.800   21.900    3.450    3.500   0.0333
  21.800   21.900    3.500    3.550   0.0216
  21.800   21.900    3.550    3.600   0.0000
  21.800   21.900    3.600    3.650   0.0052
  21.800   21.900    3.650    3.700   0.0100
  21.800   21.900    3.700    3.750   0.0104
  21.800   21.900    3.750    3.800   0.0000
  21.800   21.900    3.800    3.850   0.0000
  21.800   21.900    3.850    3.900   0.0051
  21.800   21.900    3.900    3.950   0.0098
  21.800   21.900    3.950    4.000   0.0000
  21.800   21.900    4.000    4.050   0.0052
  21.800   21.900    4.050    4.100   0.0000
  21.800   21.900    4.100    4.150   0.0000
  21.800   21.900    4.150    4.200   0.0051
  21.800   21.900    4.200    4.250   0.0054
  21.800   21.900    4.250    4.300   0.0096
  21.800   21.900    4.300    4.350   0.0000
  21.800   21.900    4.350    4.400   0.0000
  21.800   21.900    4.400    4.450   0.0099
  21.800   21.900    4.450    4.500   0.0057
  21.800   21.900    4.500    4.550   0.0296
  21.800   21.900    4.550    4.600   0.0509
  21.900   22.000    2.000    2.050   0.0045
  21.900   22.000    2.050    2.100   0.0049
  21.900   22.000    2.100    2.150   0.0000
  21.900   22.000    2.150    2.200   0.0101
  21.900   22.000    2.200    2.250   0.0000
  21.900   22.000    2.250    2.300   0.0049
  21.900   22.000    2.300    2.350   0.0179
  21.900   22.000    2.350    2.400   0.0269
  21.900   22.000    2.400    2.450   0.0239
  21.900   22.000    2.450    2.500   0.0236
  21.900   22.000    2.500    2.550   0.0179
  21.900   22.000    2.550    2.600   0.0144
  21.900   22.000    2.600    2.650   0.0326
  21.900   22.000    2.650    2.700   0.0446
  21.900   22.000    2.700    2.750   0.0243
  21.900   22.000    2.750    2.800   0.0195
  21.900   22.000    2.800    2.850   0.0138
  21.900   22.000    2.850    2.900   0.0580
  21.900   22.000    2.900    2.950   0.0368
  21.900   22.000    2.950    3.000   0.0731
  21.900   22.000    3.000    3.050   0.0430
  21.900   22.000    3.050    3.100   0.0534
  21.900   22.000    3.100    3.150   0.0637
  21.900   22.000    3.150    3.200   0.0376
  21.900   22.000    3.200    3.250   0.1198
  21.900   22.000    3.250    3.300   0.0603
  21.900   22.000    3.300    3.350   0.0859
  21.900   22.000    3.350    3.400   0.0363
  21.900   22.000    3.400    3.450   0.0352
  21.900   22.000    3.450    3.500   0.0052
  21.900   22.000    3.500    3.550   0.0169
  21.900   22.000    3.550    3.600   0.0092
  21.900   22.000    3.600    3.650   0.0049
  21.900   22.000    3.650    3.700   0.0000
  21.900   22.000    3.700    3.750   0.0000
  21.900   22.000    3.750    3.800   0.0050
  21.900   22.000    3.800    3.850   0.0000
  21.900   22.000    3.850    3.900   0.0000
  21.900   22.000    3.900    3.950   0.0000
  21.900   22.000    3.950    4.000   0.0000
  21.900   22.000    4.000    4.050   0.0000
  21.900   22.000    4.050    4.100   0.0048
  21.900   22.000    4.100    4.150   0.0000
  21.900   22.000    4.150    4.200   0.0000
  21.900   22.000    4.200    4.250   0.0000
  21.900   22.000    4.250    4.300   0.0052
  21.900   22.000    4.300    4.350   0.0110
  21.900   22.000    4.350    4.400   0.0000
  21.900   22.000    4.400    4.450   0.0204
  21.900   22.000    4.450    4.500   0.0046
  21.900   22.000    4.500    4.550   0.0093
  21.900   22.000    4.550    4.600   0.0311
