 i_start    i_end  z_start    z_end     sel.
  17.500   17.600    2.000    2.050   0.0000
  17.500   17.600    2.050    2.100   0.0000
  17.500   17.600    2.100    2.150   0.0000
  17.500   17.600    2.150    2.200   0.0000
  17.500   17.600    2.200    2.250   0.0000
  17.500   17.600    2.250    2.300   0.0000
  17.500   17.600    2.300    2.350   0.0000
  17.500   17.600    2.350    2.400   0.0000
  17.500   17.600    2.400    2.450   0.0000
  17.500   17.600    2.450    2.500   0.0000
  17.500   17.600    2.500    2.550   0.0000
  17.500   17.600    2.550    2.600   0.0000
  17.500   17.600    2.600    2.650   0.0000
  17.500   17.600    2.650    2.700   0.0000
  17.500   17.600    2.700    2.750   0.0000
  17.500   17.600    2.750    2.800   0.0000
  17.500   17.600    2.800    2.850   0.0000
  17.500   17.600    2.850    2.900   0.0000
  17.500   17.600    2.900    2.950   0.0000
  17.500   17.600    2.950    3.000   0.0000
  17.500   17.600    3.000    3.050   0.0000
  17.500   17.600    3.050    3.100   0.0000
  17.500   17.600    3.100    3.150   0.0000
  17.500   17.600    3.150    3.200   0.0000
  17.500   17.600    3.200    3.250   0.0000
  17.500   17.600    3.250    3.300   0.0000
  17.500   17.600    3.300    3.350   0.0000
  17.500   17.600    3.350    3.400   0.0000
  17.500   17.600    3.400    3.450   0.0000
  17.500   17.600    3.450    3.500   0.0000
  17.500   17.600    3.500    3.550   0.0000
  17.500   17.600    3.550    3.600   0.0000
  17.600   17.700    2.000    2.050   0.0000
  17.600   17.700    2.050    2.100   0.0000
  17.600   17.700    2.100    2.150   0.0000
  17.600   17.700    2.150    2.200   0.0000
  17.600   17.700    2.200    2.250   0.0000
  17.600   17.700    2.250    2.300   0.0000
  17.600   17.700    2.300    2.350   0.0000
  17.600   17.700    2.350    2.400   0.0000
  17.600   17.700    2.400    2.450   0.0000
  17.600   17.700    2.450    2.500   0.0000
  17.600   17.700    2.500    2.550   0.0000
  17.600   17.700    2.550    2.600   0.0000
  17.600   17.700    2.600    2.650   0.0000
  17.600   17.700    2.650    2.700   0.0000
  17.600   17.700    2.700    2.750   0.0000
  17.600   17.700    2.750    2.800   0.0000
  17.600   17.700    2.800    2.850   0.0000
  17.600   17.700    2.850    2.900   0.0000
  17.600   17.700    2.900    2.950   0.0000
  17.600   17.700    2.950    3.000   0.0000
  17.600   17.700    3.000    3.050   0.0000
  17.600   17.700    3.050    3.100   0.0000
  17.600   17.700    3.100    3.150   0.0000
  17.600   17.700    3.150    3.200   0.0000
  17.600   17.700    3.200    3.250   0.0000
  17.600   17.700    3.250    3.300   0.0000
  17.600   17.700    3.300    3.350   0.0000
  17.600   17.700    3.350    3.400   0.0000
  17.600   17.700    3.400    3.450   0.0000
  17.600   17.700    3.450    3.500   0.0000
  17.600   17.700    3.500    3.550   0.0000
  17.600   17.700    3.550    3.600   0.0000
  17.700   17.800    2.000    2.050   0.0000
  17.700   17.800    2.050    2.100   0.0000
  17.700   17.800    2.100    2.150   0.0000
  17.700   17.800    2.150    2.200   0.0000
  17.700   17.800    2.200    2.250   0.0000
  17.700   17.800    2.250    2.300   0.0000
  17.700   17.800    2.300    2.350   0.0000
  17.700   17.800    2.350    2.400   0.0000
  17.700   17.800    2.400    2.450   0.0000
  17.700   17.800    2.450    2.500   0.0000
  17.700   17.800    2.500    2.550   0.0000
  17.700   17.800    2.550    2.600   0.0000
  17.700   17.800    2.600    2.650   0.0000
  17.700   17.800    2.650    2.700   0.0000
  17.700   17.800    2.700    2.750   0.0000
  17.700   17.800    2.750    2.800   0.0000
  17.700   17.800    2.800    2.850   0.0000
  17.700   17.800    2.850    2.900   0.0000
  17.700   17.800    2.900    2.950   0.0000
  17.700   17.800    2.950    3.000   0.0000
  17.700   17.800    3.000    3.050   0.0000
  17.700   17.800    3.050    3.100   0.0000
  17.700   17.800    3.100    3.150   0.0000
  17.700   17.800    3.150    3.200   0.0000
  17.700   17.800    3.200    3.250   0.0000
  17.700   17.800    3.250    3.300   0.0000
  17.700   17.800    3.300    3.350   0.0000
  17.700   17.800    3.350    3.400   0.0000
  17.700   17.800    3.400    3.450   0.0000
  17.700   17.800    3.450    3.500   0.0000
  17.700   17.800    3.500    3.550   0.0000
  17.700   17.800    3.550    3.600   0.0000
  17.800   17.900    2.000    2.050   0.0000
  17.800   17.900    2.050    2.100   0.0000
  17.800   17.900    2.100    2.150   0.0090
  17.800   17.900    2.150    2.200   0.0253
  17.800   17.900    2.200    2.250   0.2328
  17.800   17.900    2.250    2.300   0.3915
  17.800   17.900    2.300    2.350   0.4589
  17.800   17.900    2.350    2.400   0.4406
  17.800   17.900    2.400    2.450   0.4652
  17.800   17.900    2.450    2.500   0.5156
  17.800   17.900    2.500    2.550   0.4327
  17.800   17.900    2.550    2.600   0.4265
  17.800   17.900    2.600    2.650   0.4354
  17.800   17.900    2.650    2.700   0.4089
  17.800   17.900    2.700    2.750   0.3798
  17.800   17.900    2.750    2.800   0.2431
  17.800   17.900    2.800    2.850   0.1337
  17.800   17.900    2.850    2.900   0.0851
  17.800   17.900    2.900    2.950   0.0372
  17.800   17.900    2.950    3.000   0.0693
  17.800   17.900    3.000    3.050   0.0573
  17.800   17.900    3.050    3.100   0.1298
  17.800   17.900    3.100    3.150   0.1525
  17.800   17.900    3.150    3.200   0.1944
  17.800   17.900    3.200    3.250   0.2431
  17.800   17.900    3.250    3.300   0.2143
  17.800   17.900    3.300    3.350   0.1902
  17.800   17.900    3.350    3.400   0.1608
  17.800   17.900    3.400    3.450   0.1879
  17.800   17.900    3.450    3.500   0.0686
  17.800   17.900    3.500    3.550   0.0169
  17.800   17.900    3.550    3.600   0.0056
  17.900   18.000    2.000    2.050   0.0000
  17.900   18.000    2.050    2.100   0.0000
  17.900   18.000    2.100    2.150   0.0049
  17.900   18.000    2.150    2.200   0.1127
  17.900   18.000    2.200    2.250   0.4884
  17.900   18.000    2.250    2.300   0.8310
  17.900   18.000    2.300    2.350   0.8869
  17.900   18.000    2.350    2.400   0.9095
  17.900   18.000    2.400    2.450   0.8756
  17.900   18.000    2.450    2.500   0.8430
  17.900   18.000    2.500    2.550   0.8848
  17.900   18.000    2.550    2.600   0.9059
  17.900   18.000    2.600    2.650   0.8846
  17.900   18.000    2.650    2.700   0.7500
  17.900   18.000    2.700    2.750   0.5025
  17.900   18.000    2.750    2.800   0.3303
  17.900   18.000    2.800    2.850   0.1796
  17.900   18.000    2.850    2.900   0.1222
  17.900   18.000    2.900    2.950   0.0872
  17.900   18.000    2.950    3.000   0.1217
  17.900   18.000    3.000    3.050   0.1865
  17.900   18.000    3.050    3.100   0.2765
  17.900   18.000    3.100    3.150   0.3172
  17.900   18.000    3.150    3.200   0.3707
  17.900   18.000    3.200    3.250   0.3818
  17.900   18.000    3.250    3.300   0.4767
  17.900   18.000    3.300    3.350   0.4136
  17.900   18.000    3.350    3.400   0.3349
  17.900   18.000    3.400    3.450   0.2406
  17.900   18.000    3.450    3.500   0.1009
  17.900   18.000    3.500    3.550   0.0808
  17.900   18.000    3.550    3.600   0.0333
  18.000   18.100    2.000    2.050   0.0000
  18.000   18.100    2.050    2.100   0.0000
  18.000   18.100    2.100    2.150   0.0101
  18.000   18.100    2.150    2.200   0.0878
  18.000   18.100    2.200    2.250   0.3778
  18.000   18.100    2.250    2.300   0.7929
  18.000   18.100    2.300    2.350   0.9005
  18.000   18.100    2.350    2.400   0.8696
  18.000   18.100    2.400    2.450   0.8374
  18.000   18.100    2.450    2.500   0.7969
  18.000   18.100    2.500    2.550   0.7766
  18.000   18.100    2.550    2.600   0.8342
  18.000   18.100    2.600    2.650   0.7981
  18.000   18.100    2.650    2.700   0.6262
  18.000   18.100    2.700    2.750   0.4759
  18.000   18.100    2.750    2.800   0.2408
  18.000   18.100    2.800    2.850   0.2092
  18.000   18.100    2.850    2.900   0.1503
  18.000   18.100    2.900    2.950   0.1237
  18.000   18.100    2.950    3.000   0.1667
  18.000   18.100    3.000    3.050   0.2365
  18.000   18.100    3.050    3.100   0.2473
  18.000   18.100    3.100    3.150   0.2732
  18.000   18.100    3.150    3.200   0.3520
  18.000   18.100    3.200    3.250   0.4010
  18.000   18.100    3.250    3.300   0.3925
  18.000   18.100    3.300    3.350   0.3155
  18.000   18.100    3.350    3.400   0.3371
  18.000   18.100    3.400    3.450   0.2426
  18.000   18.100    3.450    3.500   0.1405
  18.000   18.100    3.500    3.550   0.0847
  18.000   18.100    3.550    3.600   0.0000
  18.100   18.200    2.000    2.050   0.0000
  18.100   18.200    2.050    2.100   0.0000
  18.100   18.200    2.100    2.150   0.0146
  18.100   18.200    2.150    2.200   0.0938
  18.100   18.200    2.200    2.250   0.4746
  18.100   18.200    2.250    2.300   0.7675
  18.100   18.200    2.300    2.350   0.7958
  18.100   18.200    2.350    2.400   0.8306
  18.100   18.200    2.400    2.450   0.8040
  18.100   18.200    2.450    2.500   0.7654
  18.100   18.200    2.500    2.550   0.7566
  18.100   18.200    2.550    2.600   0.7514
  18.100   18.200    2.600    2.650   0.6682
  18.100   18.200    2.650    2.700   0.5027
  18.100   18.200    2.700    2.750   0.3822
  18.100   18.200    2.750    2.800   0.2210
  18.100   18.200    2.800    2.850   0.1508
  18.100   18.200    2.850    2.900   0.1508
  18.100   18.200    2.900    2.950   0.1888
  18.100   18.200    2.950    3.000   0.2251
  18.100   18.200    3.000    3.050   0.2391
  18.100   18.200    3.050    3.100   0.3739
  18.100   18.200    3.100    3.150   0.3821
  18.100   18.200    3.150    3.200   0.3756
  18.100   18.200    3.200    3.250   0.4545
  18.100   18.200    3.250    3.300   0.4390
  18.100   18.200    3.300    3.350   0.4061
  18.100   18.200    3.350    3.400   0.3575
  18.100   18.200    3.400    3.450   0.2286
  18.100   18.200    3.450    3.500   0.1641
  18.100   18.200    3.500    3.550   0.0432
  18.100   18.200    3.550    3.600   0.0000
  18.200   18.300    2.000    2.050   0.0000
  18.200   18.300    2.050    2.100   0.0000
  18.200   18.300    2.100    2.150   0.0052
  18.200   18.300    2.150    2.200   0.0419
  18.200   18.300    2.200    2.250   0.2684
  18.200   18.300    2.250    2.300   0.6872
  18.200   18.300    2.300    2.350   0.7854
  18.200   18.300    2.350    2.400   0.8209
  18.200   18.300    2.400    2.450   0.7742
  18.200   18.300    2.450    2.500   0.7346
  18.200   18.300    2.500    2.550   0.7016
  18.200   18.300    2.550    2.600   0.7251
  18.200   18.300    2.600    2.650   0.6602
  18.200   18.300    2.650    2.700   0.5078
  18.200   18.300    2.700    2.750   0.2529
  18.200   18.300    2.750    2.800   0.2286
  18.200   18.300    2.800    2.850   0.1980
  18.200   18.300    2.850    2.900   0.1382
  18.200   18.300    2.900    2.950   0.1823
  18.200   18.300    2.950    3.000   0.3193
  18.200   18.300    3.000    3.050   0.3172
  18.200   18.300    3.050    3.100   0.3618
  18.200   18.300    3.100    3.150   0.4053
  18.200   18.300    3.150    3.200   0.4378
  18.200   18.300    3.200    3.250   0.4223
  18.200   18.300    3.250    3.300   0.4811
  18.200   18.300    3.300    3.350   0.3757
  18.200   18.300    3.350    3.400   0.3100
  18.200   18.300    3.400    3.450   0.2227
  18.200   18.300    3.450    3.500   0.1127
  18.200   18.300    3.500    3.550   0.0415
  18.200   18.300    3.550    3.600   0.0264
  18.300   18.400    2.000    2.050   0.0000
  18.300   18.400    2.050    2.100   0.0146
  18.300   18.400    2.100    2.150   0.0052
  18.300   18.400    2.150    2.200   0.0612
  18.300   18.400    2.200    2.250   0.3957
  18.300   18.400    2.250    2.300   0.7281
  18.300   18.400    2.300    2.350   0.8524
  18.300   18.400    2.350    2.400   0.8843
  18.300   18.400    2.400    2.450   0.8519
  18.300   18.400    2.450    2.500   0.8315
  18.300   18.400    2.500    2.550   0.8095
  18.300   18.400    2.550    2.600   0.8426
  18.300   18.400    2.600    2.650   0.8032
  18.300   18.400    2.650    2.700   0.6066
  18.300   18.400    2.700    2.750   0.4235
  18.300   18.400    2.750    2.800   0.2383
  18.300   18.400    2.800    2.850   0.2018
  18.300   18.400    2.850    2.900   0.1813
  18.300   18.400    2.900    2.950   0.2364
  18.300   18.400    2.950    3.000   0.2227
  18.300   18.400    3.000    3.050   0.3254
  18.300   18.400    3.050    3.100   0.3366
  18.300   18.400    3.100    3.150   0.4427
  18.300   18.400    3.150    3.200   0.4455
  18.300   18.400    3.200    3.250   0.4043
  18.300   18.400    3.250    3.300   0.4583
  18.300   18.400    3.300    3.350   0.3731
  18.300   18.400    3.350    3.400   0.2558
  18.300   18.400    3.400    3.450   0.2113
  18.300   18.400    3.450    3.500   0.1020
  18.300   18.400    3.500    3.550   0.0450
  18.300   18.400    3.550    3.600   0.0169
  18.400   18.500    2.000    2.050   0.0000
  18.400   18.500    2.050    2.100   0.0000
  18.400   18.500    2.100    2.150   0.0107
  18.400   18.500    2.150    2.200   0.0651
  18.400   18.500    2.200    2.250   0.5097
  18.400   18.500    2.250    2.300   0.7639
  18.400   18.500    2.300    2.350   0.8848
  18.400   18.500    2.350    2.400   0.8708
  18.400   18.500    2.400    2.450   0.9061
  18.400   18.500    2.450    2.500   0.9103
  18.400   18.500    2.500    2.550   0.8922
  18.400   18.500    2.550    2.600   0.8718
  18.400   18.500    2.600    2.650   0.8194
  18.400   18.500    2.650    2.700   0.6700
  18.400   18.500    2.700    2.750   0.4076
  18.400   18.500    2.750    2.800   0.2429
  18.400   18.500    2.800    2.850   0.2251
  18.400   18.500    2.850    2.900   0.1900
  18.400   18.500    2.900    2.950   0.2331
  18.400   18.500    2.950    3.000   0.3131
  18.400   18.500    3.000    3.050   0.3125
  18.400   18.500    3.050    3.100   0.4011
  18.400   18.500    3.100    3.150   0.3478
  18.400   18.500    3.150    3.200   0.3784
  18.400   18.500    3.200    3.250   0.4103
  18.400   18.500    3.250    3.300   0.4032
  18.400   18.500    3.300    3.350   0.4667
  18.400   18.500    3.350    3.400   0.3568
  18.400   18.500    3.400    3.450   0.2462
  18.400   18.500    3.450    3.500   0.1094
  18.400   18.500    3.500    3.550   0.0541
  18.400   18.500    3.550    3.600   0.0194
  18.500   18.600    2.000    2.050   0.0000
  18.500   18.600    2.050    2.100   0.0000
  18.500   18.600    2.100    2.150   0.0000
  18.500   18.600    2.150    2.200   0.1078
  18.500   18.600    2.200    2.250   0.4516
  18.500   18.600    2.250    2.300   0.7526
  18.500   18.600    2.300    2.350   0.8550
  18.500   18.600    2.350    2.400   0.8660
  18.500   18.600    2.400    2.450   0.8380
  18.500   18.600    2.450    2.500   0.8157
  18.500   18.600    2.500    2.550   0.8054
  18.500   18.600    2.550    2.600   0.8235
  18.500   18.600    2.600    2.650   0.8073
  18.500   18.600    2.650    2.700   0.5842
  18.500   18.600    2.700    2.750   0.4179
  18.500   18.600    2.750    2.800   0.2410
  18.500   18.600    2.800    2.850   0.2113
  18.500   18.600    2.850    2.900   0.2111
  18.500   18.600    2.900    2.950   0.2365
  18.500   18.600    2.950    3.000   0.2475
  18.500   18.600    3.000    3.050   0.2748
  18.500   18.600    3.050    3.100   0.3478
  18.500   18.600    3.100    3.150   0.2826
  18.500   18.600    3.150    3.200   0.4233
  18.500   18.600    3.200    3.250   0.3909
  18.500   18.600    3.250    3.300   0.3641
  18.500   18.600    3.300    3.350   0.3737
  18.500   18.600    3.350    3.400   0.3029
  18.500   18.600    3.400    3.450   0.2344
  18.500   18.600    3.450    3.500   0.1413
  18.500   18.600    3.500    3.550   0.0377
  18.500   18.600    3.550    3.600   0.0146
  18.600   18.700    2.000    2.050   0.0000
  18.600   18.700    2.050    2.100   0.0095
  18.600   18.700    2.100    2.150   0.0146
  18.600   18.700    2.150    2.200   0.0765
  18.600   18.700    2.200    2.250   0.4579
  18.600   18.700    2.250    2.300   0.7475
  18.600   18.700    2.300    2.350   0.8043
  18.600   18.700    2.350    2.400   0.8324
  18.600   18.700    2.400    2.450   0.8213
  18.600   18.700    2.450    2.500   0.7805
  18.600   18.700    2.500    2.550   0.7592
  18.600   18.700    2.550    2.600   0.7582
  18.600   18.700    2.600    2.650   0.6552
  18.600   18.700    2.650    2.700   0.5243
  18.600   18.700    2.700    2.750   0.2677
  18.600   18.700    2.750    2.800   0.1932
  18.600   18.700    2.800    2.850   0.1520
  18.600   18.700    2.850    2.900   0.1388
  18.600   18.700    2.900    2.950   0.1793
  18.600   18.700    2.950    3.000   0.2051
  18.600   18.700    3.000    3.050   0.2889
  18.600   18.700    3.050    3.100   0.3492
  18.600   18.700    3.100    3.150   0.3368
  18.600   18.700    3.150    3.200   0.4498
  18.600   18.700    3.200    3.250   0.4109
  18.600   18.700    3.250    3.300   0.4146
  18.600   18.700    3.300    3.350   0.3532
  18.600   18.700    3.350    3.400   0.3368
  18.600   18.700    3.400    3.450   0.2312
  18.600   18.700    3.450    3.500   0.1493
  18.600   18.700    3.500    3.550   0.0345
  18.600   18.700    3.550    3.600   0.0217
  18.700   18.800    2.000    2.050   0.0000
  18.700   18.800    2.050    2.100   0.0052
  18.700   18.800    2.100    2.150   0.0149
  18.700   18.800    2.150    2.200   0.1000
  18.700   18.800    2.200    2.250   0.4433
  18.700   18.800    2.250    2.300   0.7241
  18.700   18.800    2.300    2.350   0.8177
  18.700   18.800    2.350    2.400   0.8100
  18.700   18.800    2.400    2.450   0.7475
  18.700   18.800    2.450    2.500   0.7716
  18.700   18.800    2.500    2.550   0.7885
  18.700   18.800    2.550    2.600   0.7259
  18.700   18.800    2.600    2.650   0.6044
  18.700   18.800    2.650    2.700   0.4348
  18.700   18.800    2.700    2.750   0.2573
  18.700   18.800    2.750    2.800   0.1592
  18.700   18.800    2.800    2.850   0.1094
  18.700   18.800    2.850    2.900   0.1896
  18.700   18.800    2.900    2.950   0.1675
  18.700   18.800    2.950    3.000   0.2412
  18.700   18.800    3.000    3.050   0.2871
  18.700   18.800    3.050    3.100   0.3163
  18.700   18.800    3.100    3.150   0.3901
  18.700   18.800    3.150    3.200   0.3892
  18.700   18.800    3.200    3.250   0.3464
  18.700   18.800    3.250    3.300   0.4898
  18.700   18.800    3.300    3.350   0.4032
  18.700   18.800    3.350    3.400   0.3269
  18.700   18.800    3.400    3.450   0.2808
  18.700   18.800    3.450    3.500   0.1762
  18.700   18.800    3.500    3.550   0.0575
  18.700   18.800    3.550    3.600   0.0312
  18.800   18.900    2.000    2.050   0.0103
  18.800   18.900    2.050    2.100   0.0000
  18.800   18.900    2.100    2.150   0.0092
  18.800   18.900    2.150    2.200   0.1159
  18.800   18.900    2.200    2.250   0.5550
  18.800   18.900    2.250    2.300   0.8371
  18.800   18.900    2.300    2.350   0.8873
  18.800   18.900    2.350    2.400   0.8488
  18.800   18.900    2.400    2.450   0.8458
  18.800   18.900    2.450    2.500   0.8564
  18.800   18.900    2.500    2.550   0.8333
  18.800   18.900    2.550    2.600   0.8128
  18.800   18.900    2.600    2.650   0.7626
  18.800   18.900    2.650    2.700   0.5189
  18.800   18.900    2.700    2.750   0.3589
  18.800   18.900    2.750    2.800   0.1881
  18.800   18.900    2.800    2.850   0.1408
  18.800   18.900    2.850    2.900   0.1788
  18.800   18.900    2.900    2.950   0.1959
  18.800   18.900    2.950    3.000   0.2837
  18.800   18.900    3.000    3.050   0.2837
  18.800   18.900    3.050    3.100   0.3731
  18.800   18.900    3.100    3.150   0.4061
  18.800   18.900    3.150    3.200   0.4747
  18.800   18.900    3.200    3.250   0.4815
  18.800   18.900    3.250    3.300   0.4533
  18.800   18.900    3.300    3.350   0.3436
  18.800   18.900    3.350    3.400   0.3485
  18.800   18.900    3.400    3.450   0.2667
  18.800   18.900    3.450    3.500   0.1302
  18.800   18.900    3.500    3.550   0.0314
  18.800   18.900    3.550    3.600   0.0208
  18.900   19.000    2.000    2.050   0.0000
  18.900   19.000    2.050    2.100   0.0058
  18.900   19.000    2.100    2.150   0.0263
  18.900   19.000    2.150    2.200   0.1698
  18.900   19.000    2.200    2.250   0.5317
  18.900   19.000    2.250    2.300   0.7867
  18.900   19.000    2.300    2.350   0.8812
  18.900   19.000    2.350    2.400   0.8201
  18.900   19.000    2.400    2.450   0.8602
  18.900   19.000    2.450    2.500   0.8249
  18.900   19.000    2.500    2.550   0.8155
  18.900   19.000    2.550    2.600   0.8213
  18.900   19.000    2.600    2.650   0.6923
  18.900   19.000    2.650    2.700   0.4931
  18.900   19.000    2.700    2.750   0.3062
  18.900   19.000    2.750    2.800   0.1615
  18.900   19.000    2.800    2.850   0.1366
  18.900   19.000    2.850    2.900   0.1531
  18.900   19.000    2.900    2.950   0.1881
  18.900   19.000    2.950    3.000   0.2667
  18.900   19.000    3.000    3.050   0.2872
  18.900   19.000    3.050    3.100   0.3600
  18.900   19.000    3.100    3.150   0.3913
  18.900   19.000    3.150    3.200   0.4789
  18.900   19.000    3.200    3.250   0.4400
  18.900   19.000    3.250    3.300   0.4586
  18.900   19.000    3.300    3.350   0.4000
  18.900   19.000    3.350    3.400   0.3410
  18.900   19.000    3.400    3.450   0.2872
  18.900   19.000    3.450    3.500   0.0935
  18.900   19.000    3.500    3.550   0.0645
  18.900   19.000    3.550    3.600   0.0340
  19.000   19.100    2.000    2.050   0.0000
  19.000   19.100    2.050    2.100   0.0148
  19.000   19.100    2.100    2.150   0.0249
  19.000   19.100    2.150    2.200   0.1840
  19.000   19.100    2.200    2.250   0.4455
  19.000   19.100    2.250    2.300   0.8599
  19.000   19.100    2.300    2.350   0.8359
  19.000   19.100    2.350    2.400   0.8599
  19.000   19.100    2.400    2.450   0.8146
  19.000   19.100    2.450    2.500   0.8065
  19.000   19.100    2.500    2.550   0.7734
  19.000   19.100    2.550    2.600   0.7659
  19.000   19.100    2.600    2.650   0.6685
  19.000   19.100    2.650    2.700   0.4742
  19.000   19.100    2.700    2.750   0.2762
  19.000   19.100    2.750    2.800   0.2146
  19.000   19.100    2.800    2.850   0.1510
  19.000   19.100    2.850    2.900   0.2216
  19.000   19.100    2.900    2.950   0.2070
  19.000   19.100    2.950    3.000   0.2512
  19.000   19.100    3.000    3.050   0.3436
  19.000   19.100    3.050    3.100   0.2941
  19.000   19.100    3.100    3.150   0.4072
  19.000   19.100    3.150    3.200   0.4112
  19.000   19.100    3.200    3.250   0.4300
  19.000   19.100    3.250    3.300   0.4450
  19.000   19.100    3.300    3.350   0.3611
  19.000   19.100    3.350    3.400   0.3594
  19.000   19.100    3.400    3.450   0.2182
  19.000   19.100    3.450    3.500   0.0842
  19.000   19.100    3.500    3.550   0.0353
  19.000   19.100    3.550    3.600   0.0243
  19.100   19.200    2.000    2.050   0.0000
  19.100   19.200    2.050    2.100   0.0051
  19.100   19.200    2.100    2.150   0.0202
  19.100   19.200    2.150    2.200   0.1071
  19.100   19.200    2.200    2.250   0.5108
  19.100   19.200    2.250    2.300   0.8041
  19.100   19.200    2.300    2.350   0.8629
  19.100   19.200    2.350    2.400   0.8109
  19.100   19.200    2.400    2.450   0.8122
  19.100   19.200    2.450    2.500   0.8108
  19.100   19.200    2.500    2.550   0.8214
  19.100   19.200    2.550    2.600   0.7583
  19.100   19.200    2.600    2.650   0.6146
  19.100   19.200    2.650    2.700   0.4612
  19.100   19.200    2.700    2.750   0.3116
  19.100   19.200    2.750    2.800   0.1932
  19.100   19.200    2.800    2.850   0.1866
  19.100   19.200    2.850    2.900   0.1564
  19.100   19.200    2.900    2.950   0.2090
  19.100   19.200    2.950    3.000   0.2752
  19.100   19.200    3.000    3.050   0.2919
  19.100   19.200    3.050    3.100   0.4279
  19.100   19.200    3.100    3.150   0.3429
  19.100   19.200    3.150    3.200   0.4416
  19.100   19.200    3.200    3.250   0.4049
  19.100   19.200    3.250    3.300   0.4140
  19.100   19.200    3.300    3.350   0.3911
  19.100   19.200    3.350    3.400   0.3778
  19.100   19.200    3.400    3.450   0.2888
  19.100   19.200    3.450    3.500   0.1610
  19.100   19.200    3.500    3.550   0.0469
  19.100   19.200    3.550    3.600   0.0239
  19.200   19.300    2.000    2.050   0.0059
  19.200   19.300    2.050    2.100   0.0048
  19.200   19.300    2.100    2.150   0.0106
  19.200   19.300    2.150    2.200   0.1340
  19.200   19.300    2.200    2.250   0.5648
  19.200   19.300    2.250    2.300   0.8045
  19.200   19.300    2.300    2.350   0.8212
  19.200   19.300    2.350    2.400   0.8263
  19.200   19.300    2.400    2.450   0.7637
  19.200   19.300    2.450    2.500   0.7854
  19.200   19.300    2.500    2.550   0.7565
  19.200   19.300    2.550    2.600   0.7151
  19.200   19.300    2.600    2.650   0.6620
  19.200   19.300    2.650    2.700   0.4167
  19.200   19.300    2.700    2.750   0.2976
  19.200   19.300    2.750    2.800   0.2222
  19.200   19.300    2.800    2.850   0.2097
  19.200   19.300    2.850    2.900   0.1847
  19.200   19.300    2.900    2.950   0.2083
  19.200   19.300    2.950    3.000   0.2086
  19.200   19.300    3.000    3.050   0.2600
  19.200   19.300    3.050    3.100   0.3799
  19.200   19.300    3.100    3.150   0.3892
  19.200   19.300    3.150    3.200   0.4183
  19.200   19.300    3.200    3.250   0.4018
  19.200   19.300    3.250    3.300   0.4223
  19.200   19.300    3.300    3.350   0.4221
  19.200   19.300    3.350    3.400   0.3430
  19.200   19.300    3.400    3.450   0.2956
  19.200   19.300    3.450    3.500   0.0952
  19.200   19.300    3.500    3.550   0.0543
  19.200   19.300    3.550    3.600   0.0098
  19.300   19.400    2.000    2.050   0.0051
  19.300   19.400    2.050    2.100   0.0096
  19.300   19.400    2.100    2.150   0.0324
  19.300   19.400    2.150    2.200   0.1429
  19.300   19.400    2.200    2.250   0.5097
  19.300   19.400    2.250    2.300   0.7415
  19.300   19.400    2.300    2.350   0.7672
  19.300   19.400    2.350    2.400   0.8011
  19.300   19.400    2.400    2.450   0.7500
  19.300   19.400    2.450    2.500   0.7748
  19.300   19.400    2.500    2.550   0.7685
  19.300   19.400    2.550    2.600   0.7463
  19.300   19.400    2.600    2.650   0.6000
  19.300   19.400    2.650    2.700   0.4809
  19.300   19.400    2.700    2.750   0.3093
  19.300   19.400    2.750    2.800   0.2250
  19.300   19.400    2.800    2.850   0.1947
  19.300   19.400    2.850    2.900   0.1685
  19.300   19.400    2.900    2.950   0.2294
  19.300   19.400    2.950    3.000   0.2143
  19.300   19.400    3.000    3.050   0.2289
  19.300   19.400    3.050    3.100   0.3438
  19.300   19.400    3.100    3.150   0.4271
  19.300   19.400    3.150    3.200   0.4384
  19.300   19.400    3.200    3.250   0.4220
  19.300   19.400    3.250    3.300   0.4201
  19.300   19.400    3.300    3.350   0.3587
  19.300   19.400    3.350    3.400   0.3866
  19.300   19.400    3.400    3.450   0.2477
  19.300   19.400    3.450    3.500   0.1309
  19.300   19.400    3.500    3.550   0.0625
  19.300   19.400    3.550    3.600   0.0237
  19.400   19.500    2.000    2.050   0.0000
  19.400   19.500    2.050    2.100   0.0000
  19.400   19.500    2.100    2.150   0.0279
  19.400   19.500    2.150    2.200   0.1262
  19.400   19.500    2.200    2.250   0.5409
  19.400   19.500    2.250    2.300   0.7136
  19.400   19.500    2.300    2.350   0.7700
  19.400   19.500    2.350    2.400   0.7870
  19.400   19.500    2.400    2.450   0.7488
  19.400   19.500    2.450    2.500   0.7577
  19.400   19.500    2.500    2.550   0.7249
  19.400   19.500    2.550    2.600   0.6181
  19.400   19.500    2.600    2.650   0.6050
  19.400   19.500    2.650    2.700   0.4241
  19.400   19.500    2.700    2.750   0.2356
  19.400   19.500    2.750    2.800   0.2132
  19.400   19.500    2.800    2.850   0.1165
  19.400   19.500    2.850    2.900   0.1582
  19.400   19.500    2.900    2.950   0.1846
  19.400   19.500    2.950    3.000   0.2394
  19.400   19.500    3.000    3.050   0.2642
  19.400   19.500    3.050    3.100   0.2849
  19.400   19.500    3.100    3.150   0.3271
  19.400   19.500    3.150    3.200   0.3670
  19.400   19.500    3.200    3.250   0.3547
  19.400   19.500    3.250    3.300   0.3451
  19.400   19.500    3.300    3.350   0.3367
  19.400   19.500    3.350    3.400   0.3041
  19.400   19.500    3.400    3.450   0.2414
  19.400   19.500    3.450    3.500   0.1111
  19.400   19.500    3.500    3.550   0.0476
  19.400   19.500    3.550    3.600   0.0049
  19.500   19.600    2.000    2.050   0.0000
  19.500   19.600    2.050    2.100   0.0048
  19.500   19.600    2.100    2.150   0.0314
  19.500   19.600    2.150    2.200   0.1667
  19.500   19.600    2.200    2.250   0.4070
  19.500   19.600    2.250    2.300   0.6771
  19.500   19.600    2.300    2.350   0.7324
  19.500   19.600    2.350    2.400   0.7761
  19.500   19.600    2.400    2.450   0.7170
  19.500   19.600    2.450    2.500   0.6983
  19.500   19.600    2.500    2.550   0.6500
  19.500   19.600    2.550    2.600   0.6524
  19.500   19.600    2.600    2.650   0.5502
  19.500   19.600    2.650    2.700   0.3598
  19.500   19.600    2.700    2.750   0.2995
  19.500   19.600    2.750    2.800   0.1921
  19.500   19.600    2.800    2.850   0.1793
  19.500   19.600    2.850    2.900   0.2063
  19.500   19.600    2.900    2.950   0.2284
  19.500   19.600    2.950    3.000   0.2143
  19.500   19.600    3.000    3.050   0.3438
  19.500   19.600    3.050    3.100   0.3188
  19.500   19.600    3.100    3.150   0.3299
  19.500   19.600    3.150    3.200   0.3725
  19.500   19.600    3.200    3.250   0.4292
  19.500   19.600    3.250    3.300   0.4235
  19.500   19.600    3.300    3.350   0.3655
  19.500   19.600    3.350    3.400   0.3058
  19.500   19.600    3.400    3.450   0.2059
  19.500   19.600    3.450    3.500   0.0653
  19.500   19.600    3.500    3.550   0.0419
  19.500   19.600    3.550    3.600   0.0088
  19.600   19.700    2.000    2.050   0.0000
  19.600   19.700    2.050    2.100   0.0050
  19.600   19.700    2.100    2.150   0.0183
  19.600   19.700    2.150    2.200   0.1393
  19.600   19.700    2.200    2.250   0.4780
  19.600   19.700    2.250    2.300   0.7164
  19.600   19.700    2.300    2.350   0.7701
  19.600   19.700    2.350    2.400   0.7466
  19.600   19.700    2.400    2.450   0.6833
  19.600   19.700    2.450    2.500   0.7136
  19.600   19.700    2.500    2.550   0.6378
  19.600   19.700    2.550    2.600   0.5922
  19.600   19.700    2.600    2.650   0.5055
  19.600   19.700    2.650    2.700   0.2930
  19.600   19.700    2.700    2.750   0.2462
  19.600   19.700    2.750    2.800   0.1951
  19.600   19.700    2.800    2.850   0.1152
  19.600   19.700    2.850    2.900   0.1837
  19.600   19.700    2.900    2.950   0.1863
  19.600   19.700    2.950    3.000   0.2174
  19.600   19.700    3.000    3.050   0.2710
  19.600   19.700    3.050    3.100   0.3350
  19.600   19.700    3.100    3.150   0.3206
  19.600   19.700    3.150    3.200   0.4098
  19.600   19.700    3.200    3.250   0.3757
  19.600   19.700    3.250    3.300   0.4836
  19.600   19.700    3.300    3.350   0.3645
  19.600   19.700    3.350    3.400   0.2629
  19.600   19.700    3.400    3.450   0.1616
  19.600   19.700    3.450    3.500   0.0881
  19.600   19.700    3.500    3.550   0.0278
  19.600   19.700    3.550    3.600   0.0000
  19.700   19.800    2.000    2.050   0.0065
  19.700   19.800    2.050    2.100   0.0063
  19.700   19.800    2.100    2.150   0.0054
  19.700   19.800    2.150    2.200   0.1304
  19.700   19.800    2.200    2.250   0.4395
  19.700   19.800    2.250    2.300   0.6566
  19.700   19.800    2.300    2.350   0.6951
  19.700   19.800    2.350    2.400   0.7311
  19.700   19.800    2.400    2.450   0.7173
  19.700   19.800    2.450    2.500   0.6973
  19.700   19.800    2.500    2.550   0.5889
  19.700   19.800    2.550    2.600   0.5860
  19.700   19.800    2.600    2.650   0.4439
  19.700   19.800    2.650    2.700   0.3523
  19.700   19.800    2.700    2.750   0.2059
  19.700   19.800    2.750    2.800   0.1722
  19.700   19.800    2.800    2.850   0.1649
  19.700   19.800    2.850    2.900   0.0811
  19.700   19.800    2.900    2.950   0.2163
  19.700   19.800    2.950    3.000   0.1675
  19.700   19.800    3.000    3.050   0.2404
  19.700   19.800    3.050    3.100   0.3242
  19.700   19.800    3.100    3.150   0.3425
  19.700   19.800    3.150    3.200   0.4048
  19.700   19.800    3.200    3.250   0.4087
  19.700   19.800    3.250    3.300   0.3448
  19.700   19.800    3.300    3.350   0.2773
  19.700   19.800    3.350    3.400   0.2525
  19.700   19.800    3.400    3.450   0.1818
  19.700   19.800    3.450    3.500   0.0734
  19.700   19.800    3.500    3.550   0.0537
  19.700   19.800    3.550    3.600   0.0050
  19.800   19.900    2.000    2.050   0.0173
  19.800   19.900    2.050    2.100   0.0072
  19.800   19.900    2.100    2.150   0.0189
  19.800   19.900    2.150    2.200   0.1037
  19.800   19.900    2.200    2.250   0.4355
  19.800   19.900    2.250    2.300   0.6101
  19.800   19.900    2.300    2.350   0.6432
  19.800   19.900    2.350    2.400   0.6763
  19.800   19.900    2.400    2.450   0.6825
  19.800   19.900    2.450    2.500   0.6022
  19.800   19.900    2.500    2.550   0.5902
  19.800   19.900    2.550    2.600   0.5591
  19.800   19.900    2.600    2.650   0.4792
  19.800   19.900    2.650    2.700   0.2268
  19.800   19.900    2.700    2.750   0.1642
  19.800   19.900    2.750    2.800   0.1622
  19.800   19.900    2.800    2.850   0.1750
  19.800   19.900    2.850    2.900   0.1652
  19.800   19.900    2.900    2.950   0.1693
  19.800   19.900    2.950    3.000   0.2778
  19.800   19.900    3.000    3.050   0.2457
  19.800   19.900    3.050    3.100   0.3318
  19.800   19.900    3.100    3.150   0.4301
  19.800   19.900    3.150    3.200   0.3873
  19.800   19.900    3.200    3.250   0.3925
  19.800   19.900    3.250    3.300   0.4365
  19.800   19.900    3.300    3.350   0.3151
  19.800   19.900    3.350    3.400   0.2717
  19.800   19.900    3.400    3.450   0.1753
  19.800   19.900    3.450    3.500   0.1135
  19.800   19.900    3.500    3.550   0.0174
  19.800   19.900    3.550    3.600   0.0161
  19.900   20.000    2.000    2.050   0.0130
  19.900   20.000    2.050    2.100   0.0279
  19.900   20.000    2.100    2.150   0.0213
  19.900   20.000    2.150    2.200   0.1280
  19.900   20.000    2.200    2.250   0.4412
  19.900   20.000    2.250    2.300   0.5698
  19.900   20.000    2.300    2.350   0.6522
  19.900   20.000    2.350    2.400   0.5906
  19.900   20.000    2.400    2.450   0.6447
  19.900   20.000    2.450    2.500   0.5231
  19.900   20.000    2.500    2.550   0.5327
  19.900   20.000    2.550    2.600   0.5143
  19.900   20.000    2.600    2.650   0.4567
  19.900   20.000    2.650    2.700   0.2587
  19.900   20.000    2.700    2.750   0.1659
  19.900   20.000    2.750    2.800   0.1053
  19.900   20.000    2.800    2.850   0.1161
  19.900   20.000    2.850    2.900   0.1429
  19.900   20.000    2.900    2.950   0.1362
  19.900   20.000    2.950    3.000   0.2611
  19.900   20.000    3.000    3.050   0.2675
  19.900   20.000    3.050    3.100   0.3614
  19.900   20.000    3.100    3.150   0.3732
  19.900   20.000    3.150    3.200   0.4196
  19.900   20.000    3.200    3.250   0.4444
  19.900   20.000    3.250    3.300   0.3967
  19.900   20.000    3.300    3.350   0.3786
  19.900   20.000    3.350    3.400   0.2203
  19.900   20.000    3.400    3.450   0.1194
  19.900   20.000    3.450    3.500   0.0731
  19.900   20.000    3.500    3.550   0.0273
  19.900   20.000    3.550    3.600   0.0051
  20.000   20.100    2.000    2.050   0.0051
  20.000   20.100    2.050    2.100   0.0167
  20.000   20.100    2.100    2.150   0.0409
  20.000   20.100    2.150    2.200   0.1227
  20.000   20.100    2.200    2.250   0.3899
  20.000   20.100    2.250    2.300   0.5625
  20.000   20.100    2.300    2.350   0.6010
  20.000   20.100    2.350    2.400   0.5774
  20.000   20.100    2.400    2.450   0.5682
  20.000   20.100    2.450    2.500   0.5118
  20.000   20.100    2.500    2.550   0.5189
  20.000   20.100    2.550    2.600   0.4798
  20.000   20.100    2.600    2.650   0.3526
  20.000   20.100    2.650    2.700   0.2308
  20.000   20.100    2.700    2.750   0.1480
  20.000   20.100    2.750    2.800   0.1170
  20.000   20.100    2.800    2.850   0.1232
  20.000   20.100    2.850    2.900   0.1404
  20.000   20.100    2.900    2.950   0.1333
  20.000   20.100    2.950    3.000   0.1538
  20.000   20.100    3.000    3.050   0.2500
  20.000   20.100    3.050    3.100   0.3147
  20.000   20.100    3.100    3.150   0.3099
  20.000   20.100    3.150    3.200   0.4103
  20.000   20.100    3.200    3.250   0.4171
  20.000   20.100    3.250    3.300   0.3208
  20.000   20.100    3.300    3.350   0.3427
  20.000   20.100    3.350    3.400   0.2650
  20.000   20.100    3.400    3.450   0.1765
  20.000   20.100    3.450    3.500   0.0777
  20.000   20.100    3.500    3.550   0.0268
  20.000   20.100    3.550    3.600   0.0000
  20.100   20.200    2.000    2.050   0.0067
  20.100   20.200    2.050    2.100   0.0063
  20.100   20.200    2.100    2.150   0.0063
  20.100   20.200    2.150    2.200   0.0667
  20.100   20.200    2.200    2.250   0.4248
  20.100   20.200    2.250    2.300   0.5696
  20.100   20.200    2.300    2.350   0.5464
  20.100   20.200    2.350    2.400   0.5568
  20.100   20.200    2.400    2.450   0.5150
  20.100   20.200    2.450    2.500   0.4579
  20.100   20.200    2.500    2.550   0.5000
  20.100   20.200    2.550    2.600   0.4294
  20.100   20.200    2.600    2.650   0.3672
  20.100   20.200    2.650    2.700   0.2487
  20.100   20.200    2.700    2.750   0.1824
  20.100   20.200    2.750    2.800   0.1276
  20.100   20.200    2.800    2.850   0.1263
  20.100   20.200    2.850    2.900   0.1347
  20.100   20.200    2.900    2.950   0.1639
  20.100   20.200    2.950    3.000   0.1952
  20.100   20.200    3.000    3.050   0.2487
  20.100   20.200    3.050    3.100   0.2792
  20.100   20.200    3.100    3.150   0.3173
  20.100   20.200    3.150    3.200   0.3668
  20.100   20.200    3.200    3.250   0.3265
  20.100   20.200    3.250    3.300   0.3594
  20.100   20.200    3.300    3.350   0.2802
  20.100   20.200    3.350    3.400   0.2271
  20.100   20.200    3.400    3.450   0.1429
  20.100   20.200    3.450    3.500   0.0808
  20.100   20.200    3.500    3.550   0.0352
  20.100   20.200    3.550    3.600   0.0046
  20.200   20.300    2.000    2.050   0.0058
  20.200   20.300    2.050    2.100   0.0132
  20.200   20.300    2.100    2.150   0.0118
  20.200   20.300    2.150    2.200   0.1138
  20.200   20.300    2.200    2.250   0.3207
  20.200   20.300    2.250    2.300   0.5170
  20.200   20.300    2.300    2.350   0.5514
  20.200   20.300    2.350    2.400   0.5617
  20.200   20.300    2.400    2.450   0.6199
  20.200   20.300    2.450    2.500   0.4798
  20.200   20.300    2.500    2.550   0.3782
  20.200   20.300    2.550    2.600   0.3976
  20.200   20.300    2.600    2.650   0.3267
  20.200   20.300    2.650    2.700   0.2083
  20.200   20.300    2.700    2.750   0.1193
  20.200   20.300    2.750    2.800   0.1158
  20.200   20.300    2.800    2.850   0.1317
  20.200   20.300    2.850    2.900   0.1044
  20.200   20.300    2.900    2.950   0.1732
  20.200   20.300    2.950    3.000   0.1931
  20.200   20.300    3.000    3.050   0.3211
  20.200   20.300    3.050    3.100   0.2184
  20.200   20.300    3.100    3.150   0.3917
  20.200   20.300    3.150    3.200   0.3857
  20.200   20.300    3.200    3.250   0.3538
  20.200   20.300    3.250    3.300   0.3927
  20.200   20.300    3.300    3.350   0.3568
  20.200   20.300    3.350    3.400   0.2424
  20.200   20.300    3.400    3.450   0.0909
  20.200   20.300    3.450    3.500   0.0505
  20.200   20.300    3.500    3.550   0.0142
  20.200   20.300    3.550    3.600   0.0047
  20.300   20.400    2.000    2.050   0.0061
  20.300   20.400    2.050    2.100   0.0166
  20.300   20.400    2.100    2.150   0.0163
  20.300   20.400    2.150    2.200   0.0847
  20.300   20.400    2.200    2.250   0.2831
  20.300   20.400    2.250    2.300   0.4497
  20.300   20.400    2.300    2.350   0.4699
  20.300   20.400    2.350    2.400   0.4545
  20.300   20.400    2.400    2.450   0.5283
  20.300   20.400    2.450    2.500   0.4524
  20.300   20.400    2.500    2.550   0.4295
  20.300   20.400    2.550    2.600   0.4310
  20.300   20.400    2.600    2.650   0.3571
  20.300   20.400    2.650    2.700   0.1878
  20.300   20.400    2.700    2.750   0.1524
  20.300   20.400    2.750    2.800   0.1250
  20.300   20.400    2.800    2.850   0.0924
  20.300   20.400    2.850    2.900   0.1726
  20.300   20.400    2.900    2.950   0.1771
  20.300   20.400    2.950    3.000   0.1413
  20.300   20.400    3.000    3.050   0.2335
  20.300   20.400    3.050    3.100   0.2605
  20.300   20.400    3.100    3.150   0.3730
  20.300   20.400    3.150    3.200   0.3911
  20.300   20.400    3.200    3.250   0.3062
  20.300   20.400    3.250    3.300   0.3644
  20.300   20.400    3.300    3.350   0.3204
  20.300   20.400    3.350    3.400   0.1869
  20.300   20.400    3.400    3.450   0.1156
  20.300   20.400    3.450    3.500   0.0762
  20.300   20.400    3.500    3.550   0.0326
  20.300   20.400    3.550    3.600   0.0169
  20.400   20.500    2.000    2.050   0.0000
  20.400   20.500    2.050    2.100   0.0131
  20.400   20.500    2.100    2.150   0.0355
  20.400   20.500    2.150    2.200   0.1359
  20.400   20.500    2.200    2.250   0.3967
  20.400   20.500    2.250    2.300   0.4247
  20.400   20.500    2.300    2.350   0.5602
  20.400   20.500    2.350    2.400   0.4965
  20.400   20.500    2.400    2.450   0.4906
  20.400   20.500    2.450    2.500   0.4247
  20.400   20.500    2.500    2.550   0.4074
  20.400   20.500    2.550    2.600   0.4398
  20.400   20.500    2.600    2.650   0.3292
  20.400   20.500    2.650    2.700   0.2039
  20.400   20.500    2.700    2.750   0.1593
  20.400   20.500    2.750    2.800   0.1023
  20.400   20.500    2.800    2.850   0.1220
  20.400   20.500    2.850    2.900   0.1000
  20.400   20.500    2.900    2.950   0.1667
  20.400   20.500    2.950    3.000   0.1975
  20.400   20.500    3.000    3.050   0.1964
  20.400   20.500    3.050    3.100   0.2595
  20.400   20.500    3.100    3.150   0.3295
  20.400   20.500    3.150    3.200   0.3161
  20.400   20.500    3.200    3.250   0.3389
  20.400   20.500    3.250    3.300   0.3262
  20.400   20.500    3.300    3.350   0.2887
  20.400   20.500    3.350    3.400   0.1910
  20.400   20.500    3.400    3.450   0.1135
  20.400   20.500    3.450    3.500   0.0464
  20.400   20.500    3.500    3.550   0.0423
  20.400   20.500    3.550    3.600   0.0053
  20.500   20.600    2.000    2.050   0.0249
  20.500   20.600    2.050    2.100   0.0115
  20.500   20.600    2.100    2.150   0.0250
  20.500   20.600    2.150    2.200   0.1546
  20.500   20.600    2.200    2.250   0.2593
  20.500   20.600    2.250    2.300   0.4510
  20.500   20.600    2.300    2.350   0.4632
  20.500   20.600    2.350    2.400   0.5166
  20.500   20.600    2.400    2.450   0.4259
  20.500   20.600    2.450    2.500   0.4126
  20.500   20.600    2.500    2.550   0.4750
  20.500   20.600    2.550    2.600   0.4085
  20.500   20.600    2.600    2.650   0.3506
  20.500   20.600    2.650    2.700   0.2622
  20.500   20.600    2.700    2.750   0.1769
  20.500   20.600    2.750    2.800   0.1152
  20.500   20.600    2.800    2.850   0.1065
  20.500   20.600    2.850    2.900   0.1059
  20.500   20.600    2.900    2.950   0.1323
  20.500   20.600    2.950    3.000   0.1530
  20.500   20.600    3.000    3.050   0.2177
  20.500   20.600    3.050    3.100   0.2500
  20.500   20.600    3.100    3.150   0.2375
  20.500   20.600    3.150    3.200   0.3446
  20.500   20.600    3.200    3.250   0.3146
  20.500   20.600    3.250    3.300   0.3298
  20.500   20.600    3.300    3.350   0.2154
  20.500   20.600    3.350    3.400   0.1443
  20.500   20.600    3.400    3.450   0.0491
  20.500   20.600    3.450    3.500   0.0246
  20.500   20.600    3.500    3.550   0.0297
  20.500   20.600    3.550    3.600   0.0051
  20.600   20.700    2.000    2.050   0.0045
  20.600   20.700    2.050    2.100   0.0000
  20.600   20.700    2.100    2.150   0.0167
  20.600   20.700    2.150    2.200   0.0796
  20.600   20.700    2.200    2.250   0.2742
  20.600   20.700    2.250    2.300   0.3425
  20.600   20.700    2.300    2.350   0.4749
  20.600   20.700    2.350    2.400   0.4756
  20.600   20.700    2.400    2.450   0.5153
  20.600   20.700    2.450    2.500   0.4199
  20.600   20.700    2.500    2.550   0.3842
  20.600   20.700    2.550    2.600   0.3697
  20.600   20.700    2.600    2.650   0.3117
  20.600   20.700    2.650    2.700   0.2174
  20.600   20.700    2.700    2.750   0.1829
  20.600   20.700    2.750    2.800   0.1412
  20.600   20.700    2.800    2.850   0.1467
  20.600   20.700    2.850    2.900   0.1412
  20.600   20.700    2.900    2.950   0.1282
  20.600   20.700    2.950    3.000   0.1605
  20.600   20.700    3.000    3.050   0.2260
  20.600   20.700    3.050    3.100   0.2264
  20.600   20.700    3.100    3.150   0.2446
  20.600   20.700    3.150    3.200   0.2443
  20.600   20.700    3.200    3.250   0.2573
  20.600   20.700    3.250    3.300   0.2640
  20.600   20.700    3.300    3.350   0.2065
  20.600   20.700    3.350    3.400   0.1243
  20.600   20.700    3.400    3.450   0.0345
  20.600   20.700    3.450    3.500   0.0214
  20.600   20.700    3.500    3.550   0.0120
  20.600   20.700    3.550    3.600   0.0053
  20.700   20.800    2.000    2.050   0.0050
  20.700   20.800    2.050    2.100   0.0153
  20.700   20.800    2.100    2.150   0.0052
  20.700   20.800    2.150    2.200   0.1011
  20.700   20.800    2.200    2.250   0.2296
  20.700   20.800    2.250    2.300   0.3480
  20.700   20.800    2.300    2.350   0.4260
  20.700   20.800    2.350    2.400   0.3315
  20.700   20.800    2.400    2.450   0.4012
  20.700   20.800    2.450    2.500   0.4566
  20.700   20.800    2.500    2.550   0.3580
  20.700   20.800    2.550    2.600   0.3444
  20.700   20.800    2.600    2.650   0.3401
  20.700   20.800    2.650    2.700   0.1852
  20.700   20.800    2.700    2.750   0.1697
  20.700   20.800    2.750    2.800   0.1497
  20.700   20.800    2.800    2.850   0.1243
  20.700   20.800    2.850    2.900   0.1685
  20.700   20.800    2.900    2.950   0.1657
  20.700   20.800    2.950    3.000   0.1481
  20.700   20.800    3.000    3.050   0.1637
  20.700   20.800    3.050    3.100   0.2500
  20.700   20.800    3.100    3.150   0.3354
  20.700   20.800    3.150    3.200   0.2778
  20.700   20.800    3.200    3.250   0.2881
  20.700   20.800    3.250    3.300   0.2670
  20.700   20.800    3.300    3.350   0.1340
  20.700   20.800    3.350    3.400   0.1902
  20.700   20.800    3.400    3.450   0.0407
  20.700   20.800    3.450    3.500   0.0446
  20.700   20.800    3.500    3.550   0.0109
  20.700   20.800    3.550    3.600   0.0105
  20.800   20.900    2.000    2.050   0.0052
  20.800   20.900    2.050    2.100   0.0100
  20.800   20.900    2.100    2.150   0.0092
  20.800   20.900    2.150    2.200   0.0857
  20.800   20.900    2.200    2.250   0.2118
  20.800   20.900    2.250    2.300   0.3474
  20.800   20.900    2.300    2.350   0.3543
  20.800   20.900    2.350    2.400   0.3651
  20.800   20.900    2.400    2.450   0.3968
  20.800   20.900    2.450    2.500   0.3511
  20.800   20.900    2.500    2.550   0.3312
  20.800   20.900    2.550    2.600   0.2634
  20.800   20.900    2.600    2.650   0.2842
  20.800   20.900    2.650    2.700   0.2343
  20.800   20.900    2.700    2.750   0.1471
  20.800   20.900    2.750    2.800   0.1694
  20.800   20.900    2.800    2.850   0.1098
  20.800   20.900    2.850    2.900   0.1860
  20.800   20.900    2.900    2.950   0.1345
  20.800   20.900    2.950    3.000   0.1534
  20.800   20.900    3.000    3.050   0.1685
  20.800   20.900    3.050    3.100   0.2515
  20.800   20.900    3.100    3.150   0.2135
  20.800   20.900    3.150    3.200   0.2159
  20.800   20.900    3.200    3.250   0.2081
  20.800   20.900    3.250    3.300   0.1792
  20.800   20.900    3.300    3.350   0.1657
  20.800   20.900    3.350    3.400   0.0918
  20.800   20.900    3.400    3.450   0.0340
  20.800   20.900    3.450    3.500   0.0000
  20.800   20.900    3.500    3.550   0.0000
  20.800   20.900    3.550    3.600   0.0000
  20.900   21.000    2.000    2.050   0.0000
  20.900   21.000    2.050    2.100   0.0100
  20.900   21.000    2.100    2.150   0.0097
  20.900   21.000    2.150    2.200   0.0625
  20.900   21.000    2.200    2.250   0.1682
  20.900   21.000    2.250    2.300   0.2899
  20.900   21.000    2.300    2.350   0.3944
  20.900   21.000    2.350    2.400   0.2958
  20.900   21.000    2.400    2.450   0.3579
  20.900   21.000    2.450    2.500   0.3462
  20.900   21.000    2.500    2.550   0.2825
  20.900   21.000    2.550    2.600   0.3200
  20.900   21.000    2.600    2.650   0.3118
  20.900   21.000    2.650    2.700   0.1946
  20.900   21.000    2.700    2.750   0.1739
  20.900   21.000    2.750    2.800   0.1966
  20.900   21.000    2.800    2.850   0.1316
  20.900   21.000    2.850    2.900   0.1500
  20.900   21.000    2.900    2.950   0.1288
  20.900   21.000    2.950    3.000   0.1657
  20.900   21.000    3.000    3.050   0.2022
  20.900   21.000    3.050    3.100   0.1860
  20.900   21.000    3.100    3.150   0.2222
  20.900   21.000    3.150    3.200   0.2241
  20.900   21.000    3.200    3.250   0.2320
  20.900   21.000    3.250    3.300   0.1793
  20.900   21.000    3.300    3.350   0.1032
  20.900   21.000    3.350    3.400   0.0966
  20.900   21.000    3.400    3.450   0.0788
  20.900   21.000    3.450    3.500   0.0060
  20.900   21.000    3.500    3.550   0.0052
  20.900   21.000    3.550    3.600   0.0053
  21.000   21.100    2.000    2.050   0.0052
  21.000   21.100    2.050    2.100   0.0000
  21.000   21.100    2.100    2.150   0.0186
  21.000   21.100    2.150    2.200   0.0718
  21.000   21.100    2.200    2.250   0.1685
  21.000   21.100    2.250    2.300   0.2535
  21.000   21.100    2.300    2.350   0.2736
  21.000   21.100    2.350    2.400   0.4111
  21.000   21.100    2.400    2.450   0.3096
  21.000   21.100    2.450    2.500   0.2880
  21.000   21.100    2.500    2.550   0.2500
  21.000   21.100    2.550    2.600   0.3736
  21.000   21.100    2.600    2.650   0.2469
  21.000   21.100    2.650    2.700   0.1854
  21.000   21.100    2.700    2.750   0.1796
  21.000   21.100    2.750    2.800   0.1829
  21.000   21.100    2.800    2.850   0.1272
  21.000   21.100    2.850    2.900   0.1579
  21.000   21.100    2.900    2.950   0.1463
  21.000   21.100    2.950    3.000   0.1639
  21.000   21.100    3.000    3.050   0.1598
  21.000   21.100    3.050    3.100   0.1605
  21.000   21.100    3.100    3.150   0.1784
  21.000   21.100    3.150    3.200   0.1383
  21.000   21.100    3.200    3.250   0.1557
  21.000   21.100    3.250    3.300   0.1447
  21.000   21.100    3.300    3.350   0.1950
  21.000   21.100    3.350    3.400   0.0897
  21.000   21.100    3.400    3.450   0.0223
  21.000   21.100    3.450    3.500   0.0000
  21.000   21.100    3.500    3.550   0.0062
  21.000   21.100    3.550    3.600   0.0000
  21.100   21.200    2.000    2.050   0.0095
  21.100   21.200    2.050    2.100   0.0219
  21.100   21.200    2.100    2.150   0.0290
  21.100   21.200    2.150    2.200   0.0711
  21.100   21.200    2.200    2.250   0.1545
  21.100   21.200    2.250    2.300   0.2864
  21.100   21.200    2.300    2.350   0.2732
  21.100   21.200    2.350    2.400   0.3720
  21.100   21.200    2.400    2.450   0.2953
  21.100   21.200    2.450    2.500   0.2857
  21.100   21.200    2.500    2.550   0.2687
  21.100   21.200    2.550    2.600   0.2189
  21.100   21.200    2.600    2.650   0.1978
  21.100   21.200    2.650    2.700   0.1730
  21.100   21.200    2.700    2.750   0.1573
  21.100   21.200    2.750    2.800   0.1189
  21.100   21.200    2.800    2.850   0.1264
  21.100   21.200    2.850    2.900   0.1280
  21.100   21.200    2.900    2.950   0.1124
  21.100   21.200    2.950    3.000   0.1548
  21.100   21.200    3.000    3.050   0.1472
  21.100   21.200    3.050    3.100   0.1530
  21.100   21.200    3.100    3.150   0.1823
  21.100   21.200    3.150    3.200   0.1989
  21.100   21.200    3.200    3.250   0.1685
  21.100   21.200    3.250    3.300   0.1462
  21.100   21.200    3.300    3.350   0.1237
  21.100   21.200    3.350    3.400   0.0657
  21.100   21.200    3.400    3.450   0.0119
  21.100   21.200    3.450    3.500   0.0053
  21.100   21.200    3.500    3.550   0.0000
  21.100   21.200    3.550    3.600   0.0000
  21.200   21.300    2.000    2.050   0.0048
  21.200   21.300    2.050    2.100   0.0088
  21.200   21.300    2.100    2.150   0.0159
  21.200   21.300    2.150    2.200   0.0619
  21.200   21.300    2.200    2.250   0.1510
  21.200   21.300    2.250    2.300   0.2189
  21.200   21.300    2.300    2.350   0.2792
  21.200   21.300    2.350    2.400   0.3116
  21.200   21.300    2.400    2.450   0.3158
  21.200   21.300    2.450    2.500   0.1837
  21.200   21.300    2.500    2.550   0.2488
  21.200   21.300    2.550    2.600   0.2088
  21.200   21.300    2.600    2.650   0.2038
  21.200   21.300    2.650    2.700   0.1550
  21.200   21.300    2.700    2.750   0.1034
  21.200   21.300    2.750    2.800   0.1183
  21.200   21.300    2.800    2.850   0.0942
  21.200   21.300    2.850    2.900   0.0984
  21.200   21.300    2.900    2.950   0.0663
  21.200   21.300    2.950    3.000   0.1329
  21.200   21.300    3.000    3.050   0.1730
  21.200   21.300    3.050    3.100   0.1747
  21.200   21.300    3.100    3.150   0.1804
  21.200   21.300    3.150    3.200   0.1170
  21.200   21.300    3.200    3.250   0.1036
  21.200   21.300    3.250    3.300   0.1013
  21.200   21.300    3.300    3.350   0.0807
  21.200   21.300    3.350    3.400   0.0412
  21.200   21.300    3.400    3.450   0.0159
  21.200   21.300    3.450    3.500   0.0062
  21.200   21.300    3.500    3.550   0.0000
  21.200   21.300    3.550    3.600   0.0000
  21.300   21.400    2.000    2.050   0.0097
  21.300   21.400    2.050    2.100   0.0143
  21.300   21.400    2.100    2.150   0.0214
  21.300   21.400    2.150    2.200   0.0748
  21.300   21.400    2.200    2.250   0.1173
  21.300   21.400    2.250    2.300   0.2539
  21.300   21.400    2.300    2.350   0.2781
  21.300   21.400    2.350    2.400   0.2986
  21.300   21.400    2.400    2.450   0.2609
  21.300   21.400    2.450    2.500   0.1616
  21.300   21.400    2.500    2.550   0.2387
  21.300   21.400    2.550    2.600   0.2246
  21.300   21.400    2.600    2.650   0.1762
  21.300   21.400    2.650    2.700   0.1414
  21.300   21.400    2.700    2.750   0.1023
  21.300   21.400    2.750    2.800   0.0939
  21.300   21.400    2.800    2.850   0.1340
  21.300   21.400    2.850    2.900   0.0412
  21.300   21.400    2.900    2.950   0.1022
  21.300   21.400    2.950    3.000   0.1064
  21.300   21.400    3.000    3.050   0.1154
  21.300   21.400    3.050    3.100   0.1173
  21.300   21.400    3.100    3.150   0.1314
  21.300   21.400    3.150    3.200   0.1436
  21.300   21.400    3.200    3.250   0.0920
  21.300   21.400    3.250    3.300   0.0788
  21.300   21.400    3.300    3.350   0.0591
  21.300   21.400    3.350    3.400   0.0524
  21.300   21.400    3.400    3.450   0.0117
  21.300   21.400    3.450    3.500   0.0048
  21.300   21.400    3.500    3.550   0.0000
  21.300   21.400    3.550    3.600   0.0000
  21.400   21.500    2.000    2.050   0.0045
  21.400   21.500    2.050    2.100   0.0144
  21.400   21.500    2.100    2.150   0.0181
  21.400   21.500    2.150    2.200   0.0725
  21.400   21.500    2.200    2.250   0.1150
  21.400   21.500    2.250    2.300   0.1977
  21.400   21.500    2.300    2.350   0.2565
  21.400   21.500    2.350    2.400   0.2700
  21.400   21.500    2.400    2.450   0.2282
  21.400   21.500    2.450    2.500   0.2228
  21.400   21.500    2.500    2.550   0.1845
  21.400   21.500    2.550    2.600   0.2552
  21.400   21.500    2.600    2.650   0.1643
  21.400   21.500    2.650    2.700   0.1290
  21.400   21.500    2.700    2.750   0.1148
  21.400   21.500    2.750    2.800   0.1208
  21.400   21.500    2.800    2.850   0.0968
  21.400   21.500    2.850    2.900   0.0909
  21.400   21.500    2.900    2.950   0.1050
  21.400   21.500    2.950    3.000   0.1127
  21.400   21.500    3.000    3.050   0.0628
  21.400   21.500    3.050    3.100   0.0900
  21.400   21.500    3.100    3.150   0.0944
  21.400   21.500    3.150    3.200   0.0968
  21.400   21.500    3.200    3.250   0.0582
  21.400   21.500    3.250    3.300   0.0923
  21.400   21.500    3.300    3.350   0.0319
  21.400   21.500    3.350    3.400   0.0109
  21.400   21.500    3.400    3.450   0.0056
  21.400   21.500    3.450    3.500   0.0000
  21.400   21.500    3.500    3.550   0.0065
  21.400   21.500    3.550    3.600   0.0056
  21.500   21.600    2.000    2.050   0.0048
  21.500   21.600    2.050    2.100   0.0094
  21.500   21.600    2.100    2.150   0.0276
  21.500   21.600    2.150    2.200   0.0631
  21.500   21.600    2.200    2.250   0.1075
  21.500   21.600    2.250    2.300   0.1659
  21.500   21.600    2.300    2.350   0.2038
  21.500   21.600    2.350    2.400   0.2403
  21.500   21.600    2.400    2.450   0.2035
  21.500   21.600    2.450    2.500   0.2010
  21.500   21.600    2.500    2.550   0.1302
  21.500   21.600    2.550    2.600   0.1835
  21.500   21.600    2.600    2.650   0.1357
  21.500   21.600    2.650    2.700   0.1250
  21.500   21.600    2.700    2.750   0.0884
  21.500   21.600    2.750    2.800   0.1024
  21.500   21.600    2.800    2.850   0.0905
  21.500   21.600    2.850    2.900   0.0751
  21.500   21.600    2.900    2.950   0.0570
  21.500   21.600    2.950    3.000   0.0957
  21.500   21.600    3.000    3.050   0.0564
  21.500   21.600    3.050    3.100   0.0714
  21.500   21.600    3.100    3.150   0.0833
  21.500   21.600    3.150    3.200   0.0508
  21.500   21.600    3.200    3.250   0.0610
  21.500   21.600    3.250    3.300   0.0704
  21.500   21.600    3.300    3.350   0.0206
  21.500   21.600    3.350    3.400   0.0206
  21.500   21.600    3.400    3.450   0.0049
  21.500   21.600    3.450    3.500   0.0000
  21.500   21.600    3.500    3.550   0.0000
  21.500   21.600    3.550    3.600   0.0052
  21.600   21.700    2.000    2.050   0.0000
  21.600   21.700    2.050    2.100   0.0047
  21.600   21.700    2.100    2.150   0.0048
  21.600   21.700    2.150    2.200   0.0474
  21.600   21.700    2.200    2.250   0.0694
  21.600   21.700    2.250    2.300   0.1435
  21.600   21.700    2.300    2.350   0.1942
  21.600   21.700    2.350    2.400   0.1561
  21.600   21.700    2.400    2.450   0.1572
  21.600   21.700    2.450    2.500   0.1232
  21.600   21.700    2.500    2.550   0.1289
  21.600   21.700    2.550    2.600   0.1174
  21.600   21.700    2.600    2.650   0.0780
  21.600   21.700    2.650    2.700   0.1174
  21.600   21.700    2.700    2.750   0.0798
  21.600   21.700    2.750    2.800   0.0785
  21.600   21.700    2.800    2.850   0.0698
  21.600   21.700    2.850    2.900   0.0359
  21.600   21.700    2.900    2.950   0.0433
  21.600   21.700    2.950    3.000   0.0750
  21.600   21.700    3.000    3.050   0.0714
  21.600   21.700    3.050    3.100   0.0402
  21.600   21.700    3.100    3.150   0.0563
  21.600   21.700    3.150    3.200   0.0550
  21.600   21.700    3.200    3.250   0.0413
  21.600   21.700    3.250    3.300   0.0571
  21.600   21.700    3.300    3.350   0.0302
  21.600   21.700    3.350    3.400   0.0099
  21.600   21.700    3.400    3.450   0.0000
  21.600   21.700    3.450    3.500   0.0000
  21.600   21.700    3.500    3.550   0.0053
  21.600   21.700    3.550    3.600   0.0000
  21.700   21.800    2.000    2.050   0.0048
  21.700   21.800    2.050    2.100   0.0000
  21.700   21.800    2.100    2.150   0.0106
  21.700   21.800    2.150    2.200   0.0332
  21.700   21.800    2.200    2.250   0.0578
  21.700   21.800    2.250    2.300   0.1389
  21.700   21.800    2.300    2.350   0.1145
  21.700   21.800    2.350    2.400   0.1845
  21.700   21.800    2.400    2.450   0.1196
  21.700   21.800    2.450    2.500   0.0861
  21.700   21.800    2.500    2.550   0.1401
  21.700   21.800    2.550    2.600   0.1053
  21.700   21.800    2.600    2.650   0.0941
  21.700   21.800    2.650    2.700   0.0640
  21.700   21.800    2.700    2.750   0.0335
  21.700   21.800    2.750    2.800   0.0777
  21.700   21.800    2.800    2.850   0.0585
  21.700   21.800    2.850    2.900   0.0550
  21.700   21.800    2.900    2.950   0.0284
  21.700   21.800    2.950    3.000   0.0190
  21.700   21.800    3.000    3.050   0.0558
  21.700   21.800    3.050    3.100   0.0415
  21.700   21.800    3.100    3.150   0.0314
  21.700   21.800    3.150    3.200   0.0185
  21.700   21.800    3.200    3.250   0.0347
  21.700   21.800    3.250    3.300   0.0146
  21.700   21.800    3.300    3.350   0.0146
  21.700   21.800    3.350    3.400   0.0093
  21.700   21.800    3.400    3.450   0.0000
  21.700   21.800    3.450    3.500   0.0000
  21.700   21.800    3.500    3.550   0.0000
  21.700   21.800    3.550    3.600   0.0000
  21.800   21.900    2.000    2.050   0.0058
  21.800   21.900    2.050    2.100   0.0000
  21.800   21.900    2.100    2.150   0.0104
  21.800   21.900    2.150    2.200   0.0203
  21.800   21.900    2.200    2.250   0.0565
  21.800   21.900    2.250    2.300   0.0885
  21.800   21.900    2.300    2.350   0.0942
  21.800   21.900    2.350    2.400   0.1518
  21.800   21.900    2.400    2.450   0.1239
  21.800   21.900    2.450    2.500   0.1154
  21.800   21.900    2.500    2.550   0.0606
  21.800   21.900    2.550    2.600   0.0670
  21.800   21.900    2.600    2.650   0.0844
  21.800   21.900    2.650    2.700   0.0850
  21.800   21.900    2.700    2.750   0.0409
  21.800   21.900    2.750    2.800   0.0474
  21.800   21.900    2.800    2.850   0.0317
  21.800   21.900    2.850    2.900   0.0222
  21.800   21.900    2.900    2.950   0.0213
  21.800   21.900    2.950    3.000   0.0303
  21.800   21.900    3.000    3.050   0.0393
  21.800   21.900    3.050    3.100   0.0198
  21.800   21.900    3.100    3.150   0.0213
  21.800   21.900    3.150    3.200   0.0250
  21.800   21.900    3.200    3.250   0.0000
  21.800   21.900    3.250    3.300   0.0090
  21.800   21.900    3.300    3.350   0.0187
  21.800   21.900    3.350    3.400   0.0000
  21.800   21.900    3.400    3.450   0.0000
  21.800   21.900    3.450    3.500   0.0000
  21.800   21.900    3.500    3.550   0.0000
  21.800   21.900    3.550    3.600   0.0000
