 i_start    i_end  z_start    z_end     sel.
  17.500   17.600    2.000    2.050   0.0000
  17.500   17.600    2.050    2.100   0.0000
  17.500   17.600    2.100    2.150   0.0000
  17.500   17.600    2.150    2.200   0.0000
  17.500   17.600    2.200    2.250   0.0000
  17.500   17.600    2.250    2.300   0.0000
  17.500   17.600    2.300    2.350   0.0000
  17.500   17.600    2.350    2.400   0.0000
  17.500   17.600    2.400    2.450   0.0000
  17.500   17.600    2.450    2.500   0.0000
  17.500   17.600    2.500    2.550   0.0000
  17.500   17.600    2.550    2.600   0.0000
  17.500   17.600    2.600    2.650   0.0000
  17.500   17.600    2.650    2.700   0.0000
  17.500   17.600    2.700    2.750   0.0000
  17.500   17.600    2.750    2.800   0.0000
  17.500   17.600    2.800    2.850   0.0000
  17.500   17.600    2.850    2.900   0.0000
  17.500   17.600    2.900    2.950   0.0000
  17.500   17.600    2.950    3.000   0.0000
  17.500   17.600    3.000    3.050   0.0000
  17.500   17.600    3.050    3.100   0.0000
  17.500   17.600    3.100    3.150   0.0000
  17.500   17.600    3.150    3.200   0.0000
  17.500   17.600    3.200    3.250   0.0000
  17.500   17.600    3.250    3.300   0.0000
  17.500   17.600    3.300    3.350   0.0000
  17.500   17.600    3.350    3.400   0.0000
  17.500   17.600    3.400    3.450   0.0000
  17.500   17.600    3.450    3.500   0.0000
  17.500   17.600    3.500    3.550   0.0000
  17.500   17.600    3.550    3.600   0.0000
  17.600   17.700    2.000    2.050   0.0000
  17.600   17.700    2.050    2.100   0.0000
  17.600   17.700    2.100    2.150   0.0000
  17.600   17.700    2.150    2.200   0.0000
  17.600   17.700    2.200    2.250   0.0000
  17.600   17.700    2.250    2.300   0.0000
  17.600   17.700    2.300    2.350   0.0000
  17.600   17.700    2.350    2.400   0.0000
  17.600   17.700    2.400    2.450   0.0000
  17.600   17.700    2.450    2.500   0.0000
  17.600   17.700    2.500    2.550   0.0000
  17.600   17.700    2.550    2.600   0.0000
  17.600   17.700    2.600    2.650   0.0000
  17.600   17.700    2.650    2.700   0.0000
  17.600   17.700    2.700    2.750   0.0000
  17.600   17.700    2.750    2.800   0.0000
  17.600   17.700    2.800    2.850   0.0000
  17.600   17.700    2.850    2.900   0.0000
  17.600   17.700    2.900    2.950   0.0000
  17.600   17.700    2.950    3.000   0.0000
  17.600   17.700    3.000    3.050   0.0000
  17.600   17.700    3.050    3.100   0.0000
  17.600   17.700    3.100    3.150   0.0000
  17.600   17.700    3.150    3.200   0.0000
  17.600   17.700    3.200    3.250   0.0000
  17.600   17.700    3.250    3.300   0.0000
  17.600   17.700    3.300    3.350   0.0000
  17.600   17.700    3.350    3.400   0.0000
  17.600   17.700    3.400    3.450   0.0000
  17.600   17.700    3.450    3.500   0.0000
  17.600   17.700    3.500    3.550   0.0000
  17.600   17.700    3.550    3.600   0.0000
  17.700   17.800    2.000    2.050   0.0000
  17.700   17.800    2.050    2.100   0.0000
  17.700   17.800    2.100    2.150   0.0000
  17.700   17.800    2.150    2.200   0.0000
  17.700   17.800    2.200    2.250   0.0000
  17.700   17.800    2.250    2.300   0.0000
  17.700   17.800    2.300    2.350   0.0000
  17.700   17.800    2.350    2.400   0.0000
  17.700   17.800    2.400    2.450   0.0000
  17.700   17.800    2.450    2.500   0.0000
  17.700   17.800    2.500    2.550   0.0000
  17.700   17.800    2.550    2.600   0.0000
  17.700   17.800    2.600    2.650   0.0000
  17.700   17.800    2.650    2.700   0.0000
  17.700   17.800    2.700    2.750   0.0000
  17.700   17.800    2.750    2.800   0.0000
  17.700   17.800    2.800    2.850   0.0000
  17.700   17.800    2.850    2.900   0.0000
  17.700   17.800    2.900    2.950   0.0000
  17.700   17.800    2.950    3.000   0.0000
  17.700   17.800    3.000    3.050   0.0000
  17.700   17.800    3.050    3.100   0.0000
  17.700   17.800    3.100    3.150   0.0000
  17.700   17.800    3.150    3.200   0.0000
  17.700   17.800    3.200    3.250   0.0000
  17.700   17.800    3.250    3.300   0.0000
  17.700   17.800    3.300    3.350   0.0000
  17.700   17.800    3.350    3.400   0.0000
  17.700   17.800    3.400    3.450   0.0000
  17.700   17.800    3.450    3.500   0.0000
  17.700   17.800    3.500    3.550   0.0000
  17.700   17.800    3.550    3.600   0.0000
  17.800   17.900    2.000    2.050   0.0000
  17.800   17.900    2.050    2.100   0.0000
  17.800   17.900    2.100    2.150   0.0000
  17.800   17.900    2.150    2.200   0.0291
  17.800   17.900    2.200    2.250   0.1710
  17.800   17.900    2.250    2.300   0.4076
  17.800   17.900    2.300    2.350   0.3365
  17.800   17.900    2.350    2.400   0.5029
  17.800   17.900    2.400    2.450   0.4632
  17.800   17.900    2.450    2.500   0.3834
  17.800   17.900    2.500    2.550   0.4076
  17.800   17.900    2.550    2.600   0.4783
  17.800   17.900    2.600    2.650   0.4667
  17.800   17.900    2.650    2.700   0.4327
  17.800   17.900    2.700    2.750   0.3750
  17.800   17.900    2.750    2.800   0.1720
  17.800   17.900    2.800    2.850   0.1596
  17.800   17.900    2.850    2.900   0.0941
  17.800   17.900    2.900    2.950   0.1535
  17.800   17.900    2.950    3.000   0.1000
  17.800   17.900    3.000    3.050   0.2174
  17.800   17.900    3.050    3.100   0.2488
  17.800   17.900    3.100    3.150   0.2273
  17.800   17.900    3.150    3.200   0.2406
  17.800   17.900    3.200    3.250   0.2462
  17.800   17.900    3.250    3.300   0.2374
  17.800   17.900    3.300    3.350   0.2613
  17.800   17.900    3.350    3.400   0.2025
  17.800   17.900    3.400    3.450   0.1939
  17.800   17.900    3.450    3.500   0.0691
  17.800   17.900    3.500    3.550   0.0142
  17.800   17.900    3.550    3.600   0.0102
  17.900   18.000    2.000    2.050   0.0000
  17.900   18.000    2.050    2.100   0.0000
  17.900   18.000    2.100    2.150   0.0000
  17.900   18.000    2.150    2.200   0.0265
  17.900   18.000    2.200    2.250   0.3719
  17.900   18.000    2.250    2.300   0.7824
  17.900   18.000    2.300    2.350   0.9027
  17.900   18.000    2.350    2.400   0.8935
  17.900   18.000    2.400    2.450   0.8775
  17.900   18.000    2.450    2.500   0.8846
  17.900   18.000    2.500    2.550   0.9016
  17.900   18.000    2.550    2.600   0.9289
  17.900   18.000    2.600    2.650   0.9330
  17.900   18.000    2.650    2.700   0.8879
  17.900   18.000    2.700    2.750   0.6321
  17.900   18.000    2.750    2.800   0.4976
  17.900   18.000    2.800    2.850   0.2383
  17.900   18.000    2.850    2.900   0.1972
  17.900   18.000    2.900    2.950   0.1779
  17.900   18.000    2.950    3.000   0.3208
  17.900   18.000    3.000    3.050   0.3187
  17.900   18.000    3.050    3.100   0.4147
  17.900   18.000    3.100    3.150   0.4051
  17.900   18.000    3.150    3.200   0.5409
  17.900   18.000    3.200    3.250   0.5907
  17.900   18.000    3.250    3.300   0.5594
  17.900   18.000    3.300    3.350   0.5023
  17.900   18.000    3.350    3.400   0.3526
  17.900   18.000    3.400    3.450   0.3080
  17.900   18.000    3.450    3.500   0.1041
  17.900   18.000    3.500    3.550   0.0506
  17.900   18.000    3.550    3.600   0.0270
  18.000   18.100    2.000    2.050   0.0000
  18.000   18.100    2.050    2.100   0.0000
  18.000   18.100    2.100    2.150   0.0053
  18.000   18.100    2.150    2.200   0.0256
  18.000   18.100    2.200    2.250   0.3689
  18.000   18.100    2.250    2.300   0.8167
  18.000   18.100    2.300    2.350   0.8610
  18.000   18.100    2.350    2.400   0.8611
  18.000   18.100    2.400    2.450   0.8750
  18.000   18.100    2.450    2.500   0.8664
  18.000   18.100    2.500    2.550   0.9045
  18.000   18.100    2.550    2.600   0.9009
  18.000   18.100    2.600    2.650   0.8585
  18.000   18.100    2.650    2.700   0.7169
  18.000   18.100    2.700    2.750   0.4854
  18.000   18.100    2.750    2.800   0.3378
  18.000   18.100    2.800    2.850   0.2074
  18.000   18.100    2.850    2.900   0.2139
  18.000   18.100    2.900    2.950   0.2396
  18.000   18.100    2.950    3.000   0.3175
  18.000   18.100    3.000    3.050   0.3448
  18.000   18.100    3.050    3.100   0.4444
  18.000   18.100    3.100    3.150   0.4737
  18.000   18.100    3.150    3.200   0.5253
  18.000   18.100    3.200    3.250   0.5780
  18.000   18.100    3.250    3.300   0.5167
  18.000   18.100    3.300    3.350   0.5537
  18.000   18.100    3.350    3.400   0.4136
  18.000   18.100    3.400    3.450   0.2877
  18.000   18.100    3.450    3.500   0.1294
  18.000   18.100    3.500    3.550   0.0188
  18.000   18.100    3.550    3.600   0.0097
  18.100   18.200    2.000    2.050   0.0000
  18.100   18.200    2.050    2.100   0.0000
  18.100   18.200    2.100    2.150   0.0000
  18.100   18.200    2.150    2.200   0.0548
  18.100   18.200    2.200    2.250   0.3674
  18.100   18.200    2.250    2.300   0.8115
  18.100   18.200    2.300    2.350   0.8373
  18.100   18.200    2.350    2.400   0.8676
  18.100   18.200    2.400    2.450   0.8677
  18.100   18.200    2.450    2.500   0.8442
  18.100   18.200    2.500    2.550   0.8877
  18.100   18.200    2.550    2.600   0.8063
  18.100   18.200    2.600    2.650   0.7005
  18.100   18.200    2.650    2.700   0.4688
  18.100   18.200    2.700    2.750   0.3487
  18.100   18.200    2.750    2.800   0.2764
  18.100   18.200    2.800    2.850   0.2930
  18.100   18.200    2.850    2.900   0.2525
  18.100   18.200    2.900    2.950   0.3073
  18.100   18.200    2.950    3.000   0.4028
  18.100   18.200    3.000    3.050   0.4235
  18.100   18.200    3.050    3.100   0.5372
  18.100   18.200    3.100    3.150   0.5324
  18.100   18.200    3.150    3.200   0.6212
  18.100   18.200    3.200    3.250   0.5446
  18.100   18.200    3.250    3.300   0.6271
  18.100   18.200    3.300    3.350   0.5347
  18.100   18.200    3.350    3.400   0.4680
  18.100   18.200    3.400    3.450   0.2653
  18.100   18.200    3.450    3.500   0.1150
  18.100   18.200    3.500    3.550   0.0306
  18.100   18.200    3.550    3.600   0.0151
  18.200   18.300    2.000    2.050   0.0000
  18.200   18.300    2.050    2.100   0.0048
  18.200   18.300    2.100    2.150   0.0000
  18.200   18.300    2.150    2.200   0.0345
  18.200   18.300    2.200    2.250   0.2611
  18.200   18.300    2.250    2.300   0.7209
  18.200   18.300    2.300    2.350   0.7991
  18.200   18.300    2.350    2.400   0.8466
  18.200   18.300    2.400    2.450   0.8333
  18.200   18.300    2.450    2.500   0.8442
  18.200   18.300    2.500    2.550   0.8020
  18.200   18.300    2.550    2.600   0.8689
  18.200   18.300    2.600    2.650   0.7233
  18.200   18.300    2.650    2.700   0.5260
  18.200   18.300    2.700    2.750   0.3188
  18.200   18.300    2.750    2.800   0.2637
  18.200   18.300    2.800    2.850   0.2650
  18.200   18.300    2.850    2.900   0.3782
  18.200   18.300    2.900    2.950   0.4187
  18.200   18.300    2.950    3.000   0.4247
  18.200   18.300    3.000    3.050   0.5366
  18.200   18.300    3.050    3.100   0.5215
  18.200   18.300    3.100    3.150   0.6327
  18.200   18.300    3.150    3.200   0.5924
  18.200   18.300    3.200    3.250   0.6038
  18.200   18.300    3.250    3.300   0.6567
  18.200   18.300    3.300    3.350   0.5800
  18.200   18.300    3.350    3.400   0.4619
  18.200   18.300    3.400    3.450   0.3247
  18.200   18.300    3.450    3.500   0.1144
  18.200   18.300    3.500    3.550   0.0197
  18.200   18.300    3.550    3.600   0.0098
  18.300   18.400    2.000    2.050   0.0048
  18.300   18.400    2.050    2.100   0.0000
  18.300   18.400    2.100    2.150   0.0103
  18.300   18.400    2.150    2.200   0.0457
  18.300   18.400    2.200    2.250   0.3707
  18.300   18.400    2.250    2.300   0.7524
  18.300   18.400    2.300    2.350   0.8827
  18.300   18.400    2.350    2.400   0.8634
  18.300   18.400    2.400    2.450   0.8698
  18.300   18.400    2.450    2.500   0.8520
  18.300   18.400    2.500    2.550   0.8451
  18.300   18.400    2.550    2.600   0.9241
  18.300   18.400    2.600    2.650   0.8551
  18.300   18.400    2.650    2.700   0.5636
  18.300   18.400    2.700    2.750   0.3614
  18.300   18.400    2.750    2.800   0.3254
  18.300   18.400    2.800    2.850   0.2827
  18.300   18.400    2.850    2.900   0.3250
  18.300   18.400    2.900    2.950   0.3564
  18.300   18.400    2.950    3.000   0.3744
  18.300   18.400    3.000    3.050   0.4745
  18.300   18.400    3.050    3.100   0.5282
  18.300   18.400    3.100    3.150   0.5475
  18.300   18.400    3.150    3.200   0.5756
  18.300   18.400    3.200    3.250   0.6429
  18.300   18.400    3.250    3.300   0.5561
  18.300   18.400    3.300    3.350   0.4219
  18.300   18.400    3.350    3.400   0.4070
  18.300   18.400    3.400    3.450   0.3048
  18.300   18.400    3.450    3.500   0.0889
  18.300   18.400    3.500    3.550   0.0486
  18.300   18.400    3.550    3.600   0.0147
  18.400   18.500    2.000    2.050   0.0000
  18.400   18.500    2.050    2.100   0.0000
  18.400   18.500    2.100    2.150   0.0096
  18.400   18.500    2.150    2.200   0.0464
  18.400   18.500    2.200    2.250   0.4310
  18.400   18.500    2.250    2.300   0.7411
  18.400   18.500    2.300    2.350   0.8750
  18.400   18.500    2.350    2.400   0.8986
  18.400   18.500    2.400    2.450   0.8832
  18.400   18.500    2.450    2.500   0.8870
  18.400   18.500    2.500    2.550   0.8689
  18.400   18.500    2.550    2.600   0.8937
  18.400   18.500    2.600    2.650   0.8477
  18.400   18.500    2.650    2.700   0.6786
  18.400   18.500    2.700    2.750   0.4394
  18.400   18.500    2.750    2.800   0.3575
  18.400   18.500    2.800    2.850   0.2892
  18.400   18.500    2.850    2.900   0.3878
  18.400   18.500    2.900    2.950   0.4462
  18.400   18.500    2.950    3.000   0.4974
  18.400   18.500    3.000    3.050   0.4925
  18.400   18.500    3.050    3.100   0.5093
  18.400   18.500    3.100    3.150   0.5814
  18.400   18.500    3.150    3.200   0.5945
  18.400   18.500    3.200    3.250   0.5220
  18.400   18.500    3.250    3.300   0.5459
  18.400   18.500    3.300    3.350   0.5327
  18.400   18.500    3.350    3.400   0.5089
  18.400   18.500    3.400    3.450   0.2786
  18.400   18.500    3.450    3.500   0.1099
  18.400   18.500    3.500    3.550   0.0478
  18.400   18.500    3.550    3.600   0.0046
  18.500   18.600    2.000    2.050   0.0105
  18.500   18.600    2.050    2.100   0.0048
  18.500   18.600    2.100    2.150   0.0000
  18.500   18.600    2.150    2.200   0.0529
  18.500   18.600    2.200    2.250   0.3886
  18.500   18.600    2.250    2.300   0.7908
  18.500   18.600    2.300    2.350   0.8557
  18.500   18.600    2.350    2.400   0.8811
  18.500   18.600    2.400    2.450   0.8705
  18.500   18.600    2.450    2.500   0.9022
  18.500   18.600    2.500    2.550   0.8989
  18.500   18.600    2.550    2.600   0.9444
  18.500   18.600    2.600    2.650   0.8249
  18.500   18.600    2.650    2.700   0.6667
  18.500   18.600    2.700    2.750   0.3678
  18.500   18.600    2.750    2.800   0.3527
  18.500   18.600    2.800    2.850   0.3096
  18.500   18.600    2.850    2.900   0.4109
  18.500   18.600    2.900    2.950   0.4265
  18.500   18.600    2.950    3.000   0.5101
  18.500   18.600    3.000    3.050   0.5238
  18.500   18.600    3.050    3.100   0.4700
  18.500   18.600    3.100    3.150   0.4899
  18.500   18.600    3.150    3.200   0.5450
  18.500   18.600    3.200    3.250   0.5672
  18.500   18.600    3.250    3.300   0.5421
  18.500   18.600    3.300    3.350   0.4627
  18.500   18.600    3.350    3.400   0.4500
  18.500   18.600    3.400    3.450   0.2576
  18.500   18.600    3.450    3.500   0.1214
  18.500   18.600    3.500    3.550   0.0338
  18.500   18.600    3.550    3.600   0.0112
  18.600   18.700    2.000    2.050   0.0000
  18.600   18.700    2.050    2.100   0.0050
  18.600   18.700    2.100    2.150   0.0000
  18.600   18.700    2.150    2.200   0.0485
  18.600   18.700    2.200    2.250   0.4921
  18.600   18.700    2.250    2.300   0.8389
  18.600   18.700    2.300    2.350   0.8732
  18.600   18.700    2.350    2.400   0.8986
  18.600   18.700    2.400    2.450   0.8771
  18.600   18.700    2.450    2.500   0.8571
  18.600   18.700    2.500    2.550   0.8615
  18.600   18.700    2.550    2.600   0.8172
  18.600   18.700    2.600    2.650   0.7402
  18.600   18.700    2.650    2.700   0.5412
  18.600   18.700    2.700    2.750   0.3832
  18.600   18.700    2.750    2.800   0.2548
  18.600   18.700    2.800    2.850   0.3041
  18.600   18.700    2.850    2.900   0.3029
  18.600   18.700    2.900    2.950   0.3480
  18.600   18.700    2.950    3.000   0.3883
  18.600   18.700    3.000    3.050   0.4444
  18.600   18.700    3.050    3.100   0.4387
  18.600   18.700    3.100    3.150   0.4921
  18.600   18.700    3.150    3.200   0.5707
  18.600   18.700    3.200    3.250   0.5734
  18.600   18.700    3.250    3.300   0.4920
  18.600   18.700    3.300    3.350   0.4804
  18.600   18.700    3.350    3.400   0.3317
  18.600   18.700    3.400    3.450   0.2773
  18.600   18.700    3.450    3.500   0.1724
  18.600   18.700    3.500    3.550   0.0161
  18.600   18.700    3.550    3.600   0.0216
  18.700   18.800    2.000    2.050   0.0000
  18.700   18.800    2.050    2.100   0.0000
  18.700   18.800    2.100    2.150   0.0100
  18.700   18.800    2.150    2.200   0.0622
  18.700   18.800    2.200    2.250   0.3834
  18.700   18.800    2.250    2.300   0.7041
  18.700   18.800    2.300    2.350   0.8198
  18.700   18.800    2.350    2.400   0.8598
  18.700   18.800    2.400    2.450   0.8462
  18.700   18.800    2.450    2.500   0.8717
  18.700   18.800    2.500    2.550   0.8565
  18.700   18.800    2.550    2.600   0.8429
  18.700   18.800    2.600    2.650   0.7540
  18.700   18.800    2.650    2.700   0.4115
  18.700   18.800    2.700    2.750   0.2767
  18.700   18.800    2.750    2.800   0.2463
  18.700   18.800    2.800    2.850   0.2629
  18.700   18.800    2.850    2.900   0.2865
  18.700   18.800    2.900    2.950   0.3179
  18.700   18.800    2.950    3.000   0.3782
  18.700   18.800    3.000    3.050   0.5350
  18.700   18.800    3.050    3.100   0.5430
  18.700   18.800    3.100    3.150   0.5512
  18.700   18.800    3.150    3.200   0.5665
  18.700   18.800    3.200    3.250   0.5902
  18.700   18.800    3.250    3.300   0.5654
  18.700   18.800    3.300    3.350   0.5512
  18.700   18.800    3.350    3.400   0.4250
  18.700   18.800    3.400    3.450   0.2744
  18.700   18.800    3.450    3.500   0.0994
  18.700   18.800    3.500    3.550   0.0258
  18.700   18.800    3.550    3.600   0.0106
  18.800   18.900    2.000    2.050   0.0000
  18.800   18.900    2.050    2.100   0.0000
  18.800   18.900    2.100    2.150   0.0000
  18.800   18.900    2.150    2.200   0.0741
  18.800   18.900    2.200    2.250   0.4690
  18.800   18.900    2.250    2.300   0.8224
  18.800   18.900    2.300    2.350   0.8889
  18.800   18.900    2.350    2.400   0.9162
  18.800   18.900    2.400    2.450   0.8762
  18.800   18.900    2.450    2.500   0.8627
  18.800   18.900    2.500    2.550   0.8773
  18.800   18.900    2.550    2.600   0.8643
  18.800   18.900    2.600    2.650   0.7847
  18.800   18.900    2.650    2.700   0.5441
  18.800   18.900    2.700    2.750   0.3527
  18.800   18.900    2.750    2.800   0.2917
  18.800   18.900    2.800    2.850   0.2731
  18.800   18.900    2.850    2.900   0.3800
  18.800   18.900    2.900    2.950   0.3702
  18.800   18.900    2.950    3.000   0.4286
  18.800   18.900    3.000    3.050   0.4775
  18.800   18.900    3.050    3.100   0.5476
  18.800   18.900    3.100    3.150   0.6354
  18.800   18.900    3.150    3.200   0.6878
  18.800   18.900    3.200    3.250   0.5862
  18.800   18.900    3.250    3.300   0.6106
  18.800   18.900    3.300    3.350   0.5263
  18.800   18.900    3.350    3.400   0.4619
  18.800   18.900    3.400    3.450   0.3472
  18.800   18.900    3.450    3.500   0.1385
  18.800   18.900    3.500    3.550   0.0480
  18.800   18.900    3.550    3.600   0.0151
  18.900   19.000    2.000    2.050   0.0051
  18.900   19.000    2.050    2.100   0.0000
  18.900   19.000    2.100    2.150   0.0000
  18.900   19.000    2.150    2.200   0.0405
  18.900   19.000    2.200    2.250   0.5226
  18.900   19.000    2.250    2.300   0.7389
  18.900   19.000    2.300    2.350   0.8359
  18.900   19.000    2.350    2.400   0.9027
  18.900   19.000    2.400    2.450   0.8454
  18.900   19.000    2.450    2.500   0.8922
  18.900   19.000    2.500    2.550   0.8351
  18.900   19.000    2.550    2.600   0.9009
  18.900   19.000    2.600    2.650   0.7129
  18.900   19.000    2.650    2.700   0.4842
  18.900   19.000    2.700    2.750   0.2784
  18.900   19.000    2.750    2.800   0.2684
  18.900   19.000    2.800    2.850   0.2304
  18.900   19.000    2.850    2.900   0.3407
  18.900   19.000    2.900    2.950   0.3351
  18.900   19.000    2.950    3.000   0.5051
  18.900   19.000    3.000    3.050   0.4742
  18.900   19.000    3.050    3.100   0.5590
  18.900   19.000    3.100    3.150   0.5481
  18.900   19.000    3.150    3.200   0.6073
  18.900   19.000    3.200    3.250   0.5833
  18.900   19.000    3.250    3.300   0.6250
  18.900   19.000    3.300    3.350   0.5156
  18.900   19.000    3.350    3.400   0.4306
  18.900   19.000    3.400    3.450   0.3077
  18.900   19.000    3.450    3.500   0.1015
  18.900   19.000    3.500    3.550   0.0286
  18.900   19.000    3.550    3.600   0.0179
  19.000   19.100    2.000    2.050   0.0000
  19.000   19.100    2.050    2.100   0.0055
  19.000   19.100    2.100    2.150   0.0183
  19.000   19.100    2.150    2.200   0.0356
  19.000   19.100    2.200    2.250   0.5105
  19.000   19.100    2.250    2.300   0.8538
  19.000   19.100    2.300    2.350   0.8919
  19.000   19.100    2.350    2.400   0.9005
  19.000   19.100    2.400    2.450   0.8651
  19.000   19.100    2.450    2.500   0.8648
  19.000   19.100    2.500    2.550   0.8878
  19.000   19.100    2.550    2.600   0.8090
  19.000   19.100    2.600    2.650   0.7366
  19.000   19.100    2.650    2.700   0.4174
  19.000   19.100    2.700    2.750   0.3010
  19.000   19.100    2.750    2.800   0.2408
  19.000   19.100    2.800    2.850   0.2785
  19.000   19.100    2.850    2.900   0.4118
  19.000   19.100    2.900    2.950   0.4429
  19.000   19.100    2.950    3.000   0.4798
  19.000   19.100    3.000    3.050   0.4953
  19.000   19.100    3.050    3.100   0.4774
  19.000   19.100    3.100    3.150   0.5269
  19.000   19.100    3.150    3.200   0.5879
  19.000   19.100    3.200    3.250   0.5714
  19.000   19.100    3.250    3.300   0.5628
  19.000   19.100    3.300    3.350   0.5949
  19.000   19.100    3.350    3.400   0.4691
  19.000   19.100    3.400    3.450   0.2607
  19.000   19.100    3.450    3.500   0.1100
  19.000   19.100    3.500    3.550   0.0293
  19.000   19.100    3.550    3.600   0.0153
  19.100   19.200    2.000    2.050   0.0000
  19.100   19.200    2.050    2.100   0.0053
  19.100   19.200    2.100    2.150   0.0147
  19.100   19.200    2.150    2.200   0.0708
  19.100   19.200    2.200    2.250   0.4931
  19.100   19.200    2.250    2.300   0.7637
  19.100   19.200    2.300    2.350   0.8143
  19.100   19.200    2.350    2.400   0.8810
  19.100   19.200    2.400    2.450   0.9009
  19.100   19.200    2.450    2.500   0.8800
  19.100   19.200    2.500    2.550   0.8426
  19.100   19.200    2.550    2.600   0.8513
  19.100   19.200    2.600    2.650   0.6991
  19.100   19.200    2.650    2.700   0.5068
  19.100   19.200    2.700    2.750   0.2565
  19.100   19.200    2.750    2.800   0.2030
  19.100   19.200    2.800    2.850   0.2907
  19.100   19.200    2.850    2.900   0.3284
  19.100   19.200    2.900    2.950   0.4000
  19.100   19.200    2.950    3.000   0.4405
  19.100   19.200    3.000    3.050   0.5825
  19.100   19.200    3.050    3.100   0.5598
  19.100   19.200    3.100    3.150   0.6197
  19.100   19.200    3.150    3.200   0.6531
  19.100   19.200    3.200    3.250   0.5748
  19.100   19.200    3.250    3.300   0.5650
  19.100   19.200    3.300    3.350   0.5789
  19.100   19.200    3.350    3.400   0.5149
  19.100   19.200    3.400    3.450   0.3660
  19.100   19.200    3.450    3.500   0.1323
  19.100   19.200    3.500    3.550   0.0107
  19.100   19.200    3.550    3.600   0.0146
  19.200   19.300    2.000    2.050   0.0110
  19.200   19.300    2.050    2.100   0.0061
  19.200   19.300    2.100    2.150   0.0109
  19.200   19.300    2.150    2.200   0.0694
  19.200   19.300    2.200    2.250   0.4136
  19.200   19.300    2.250    2.300   0.7211
  19.200   19.300    2.300    2.350   0.8685
  19.200   19.300    2.350    2.400   0.8429
  19.200   19.300    2.400    2.450   0.8724
  19.200   19.300    2.450    2.500   0.8197
  19.200   19.300    2.500    2.550   0.8832
  19.200   19.300    2.550    2.600   0.8696
  19.200   19.300    2.600    2.650   0.7487
  19.200   19.300    2.650    2.700   0.4409
  19.200   19.300    2.700    2.750   0.2547
  19.200   19.300    2.750    2.800   0.2705
  19.200   19.300    2.800    2.850   0.2824
  19.200   19.300    2.850    2.900   0.3213
  19.200   19.300    2.900    2.950   0.4133
  19.200   19.300    2.950    3.000   0.3913
  19.200   19.300    3.000    3.050   0.5440
  19.200   19.300    3.050    3.100   0.5163
  19.200   19.300    3.100    3.150   0.6382
  19.200   19.300    3.150    3.200   0.5592
  19.200   19.300    3.200    3.250   0.6289
  19.200   19.300    3.250    3.300   0.5849
  19.200   19.300    3.300    3.350   0.5052
  19.200   19.300    3.350    3.400   0.4476
  19.200   19.300    3.400    3.450   0.3385
  19.200   19.300    3.450    3.500   0.1698
  19.200   19.300    3.500    3.550   0.0326
  19.200   19.300    3.550    3.600   0.0208
  19.300   19.400    2.000    2.050   0.0000
  19.300   19.400    2.050    2.100   0.0181
  19.300   19.400    2.100    2.150   0.0119
  19.300   19.400    2.150    2.200   0.1033
  19.300   19.400    2.200    2.250   0.4830
  19.300   19.400    2.250    2.300   0.7876
  19.300   19.400    2.300    2.350   0.8600
  19.300   19.400    2.350    2.400   0.8905
  19.300   19.400    2.400    2.450   0.9048
  19.300   19.400    2.450    2.500   0.8622
  19.300   19.400    2.500    2.550   0.8341
  19.300   19.400    2.550    2.600   0.8660
  19.300   19.400    2.600    2.650   0.7879
  19.300   19.400    2.650    2.700   0.5325
  19.300   19.400    2.700    2.750   0.3578
  19.300   19.400    2.750    2.800   0.2805
  19.300   19.400    2.800    2.850   0.3317
  19.300   19.400    2.850    2.900   0.3575
  19.300   19.400    2.900    2.950   0.3767
  19.300   19.400    2.950    3.000   0.4475
  19.300   19.400    3.000    3.050   0.4550
  19.300   19.400    3.050    3.100   0.5510
  19.300   19.400    3.100    3.150   0.6181
  19.300   19.400    3.150    3.200   0.5479
  19.300   19.400    3.200    3.250   0.5637
  19.300   19.400    3.250    3.300   0.5606
  19.300   19.400    3.300    3.350   0.5048
  19.300   19.400    3.350    3.400   0.4532
  19.300   19.400    3.400    3.450   0.2837
  19.300   19.400    3.450    3.500   0.1225
  19.300   19.400    3.500    3.550   0.0152
  19.300   19.400    3.550    3.600   0.0186
  19.400   19.500    2.000    2.050   0.0060
  19.400   19.500    2.050    2.100   0.0000
  19.400   19.500    2.100    2.150   0.0115
  19.400   19.500    2.150    2.200   0.0837
  19.400   19.500    2.200    2.250   0.4540
  19.400   19.500    2.250    2.300   0.7614
  19.400   19.500    2.300    2.350   0.8551
  19.400   19.500    2.350    2.400   0.8827
  19.400   19.500    2.400    2.450   0.8071
  19.400   19.500    2.450    2.500   0.8502
  19.400   19.500    2.500    2.550   0.8416
  19.400   19.500    2.550    2.600   0.8451
  19.400   19.500    2.600    2.650   0.7005
  19.400   19.500    2.650    2.700   0.4673
  19.400   19.500    2.700    2.750   0.2463
  19.400   19.500    2.750    2.800   0.2647
  19.400   19.500    2.800    2.850   0.3095
  19.400   19.500    2.850    2.900   0.3492
  19.400   19.500    2.900    2.950   0.4124
  19.400   19.500    2.950    3.000   0.3896
  19.400   19.500    3.000    3.050   0.4795
  19.400   19.500    3.050    3.100   0.5440
  19.400   19.500    3.100    3.150   0.5748
  19.400   19.500    3.150    3.200   0.5171
  19.400   19.500    3.200    3.250   0.5857
  19.400   19.500    3.250    3.300   0.5104
  19.400   19.500    3.300    3.350   0.5654
  19.400   19.500    3.350    3.400   0.3526
  19.400   19.500    3.400    3.450   0.2475
  19.400   19.500    3.450    3.500   0.1080
  19.400   19.500    3.500    3.550   0.0329
  19.400   19.500    3.550    3.600   0.0135
  19.500   19.600    2.000    2.050   0.0000
  19.500   19.600    2.050    2.100   0.0055
  19.500   19.600    2.100    2.150   0.0175
  19.500   19.600    2.150    2.200   0.0838
  19.500   19.600    2.200    2.250   0.4639
  19.500   19.600    2.250    2.300   0.7125
  19.500   19.600    2.300    2.350   0.8110
  19.500   19.600    2.350    2.400   0.8333
  19.500   19.600    2.400    2.450   0.8565
  19.500   19.600    2.450    2.500   0.8128
  19.500   19.600    2.500    2.550   0.7819
  19.500   19.600    2.550    2.600   0.8100
  19.500   19.600    2.600    2.650   0.6256
  19.500   19.600    2.650    2.700   0.4306
  19.500   19.600    2.700    2.750   0.2667
  19.500   19.600    2.750    2.800   0.2368
  19.500   19.600    2.800    2.850   0.2741
  19.500   19.600    2.850    2.900   0.2632
  19.500   19.600    2.900    2.950   0.3831
  19.500   19.600    2.950    3.000   0.4545
  19.500   19.600    3.000    3.050   0.5248
  19.500   19.600    3.050    3.100   0.5502
  19.500   19.600    3.100    3.150   0.5933
  19.500   19.600    3.150    3.200   0.6171
  19.500   19.600    3.200    3.250   0.5882
  19.500   19.600    3.250    3.300   0.5612
  19.500   19.600    3.300    3.350   0.4372
  19.500   19.600    3.350    3.400   0.3971
  19.500   19.600    3.400    3.450   0.2817
  19.500   19.600    3.450    3.500   0.0804
  19.500   19.600    3.500    3.550   0.0516
  19.500   19.600    3.550    3.600   0.0195
  19.600   19.700    2.000    2.050   0.0000
  19.600   19.700    2.050    2.100   0.0000
  19.600   19.700    2.100    2.150   0.0301
  19.600   19.700    2.150    2.200   0.1364
  19.600   19.700    2.200    2.250   0.4378
  19.600   19.700    2.250    2.300   0.7895
  19.600   19.700    2.300    2.350   0.8187
  19.600   19.700    2.350    2.400   0.7685
  19.600   19.700    2.400    2.450   0.8122
  19.600   19.700    2.450    2.500   0.7854
  19.600   19.700    2.500    2.550   0.8030
  19.600   19.700    2.550    2.600   0.7194
  19.600   19.700    2.600    2.650   0.5680
  19.600   19.700    2.650    2.700   0.4510
  19.600   19.700    2.700    2.750   0.2667
  19.600   19.700    2.750    2.800   0.2308
  19.600   19.700    2.800    2.850   0.2381
  19.600   19.700    2.850    2.900   0.2793
  19.600   19.700    2.900    2.950   0.3700
  19.600   19.700    2.950    3.000   0.3656
  19.600   19.700    3.000    3.050   0.4327
  19.600   19.700    3.050    3.100   0.5459
  19.600   19.700    3.100    3.150   0.5680
  19.600   19.700    3.150    3.200   0.5867
  19.600   19.700    3.200    3.250   0.6121
  19.600   19.700    3.250    3.300   0.5659
  19.600   19.700    3.300    3.350   0.4506
  19.600   19.700    3.350    3.400   0.3714
  19.600   19.700    3.400    3.450   0.2500
  19.600   19.700    3.450    3.500   0.0817
  19.600   19.700    3.500    3.550   0.0308
  19.600   19.700    3.550    3.600   0.0178
  19.700   19.800    2.000    2.050   0.0000
  19.700   19.800    2.050    2.100   0.0060
  19.700   19.800    2.100    2.150   0.0134
  19.700   19.800    2.150    2.200   0.1187
  19.700   19.800    2.200    2.250   0.5543
  19.700   19.800    2.250    2.300   0.7368
  19.700   19.800    2.300    2.350   0.8263
  19.700   19.800    2.350    2.400   0.8152
  19.700   19.800    2.400    2.450   0.7927
  19.700   19.800    2.450    2.500   0.8133
  19.700   19.800    2.500    2.550   0.7538
  19.700   19.800    2.550    2.600   0.7322
  19.700   19.800    2.600    2.650   0.6085
  19.700   19.800    2.650    2.700   0.3299
  19.700   19.800    2.700    2.750   0.2195
  19.700   19.800    2.750    2.800   0.2877
  19.700   19.800    2.800    2.850   0.2474
  19.700   19.800    2.850    2.900   0.2308
  19.700   19.800    2.900    2.950   0.3096
  19.700   19.800    2.950    3.000   0.4010
  19.700   19.800    3.000    3.050   0.4375
  19.700   19.800    3.050    3.100   0.4683
  19.700   19.800    3.100    3.150   0.5142
  19.700   19.800    3.150    3.200   0.5347
  19.700   19.800    3.200    3.250   0.6190
  19.700   19.800    3.250    3.300   0.4896
  19.700   19.800    3.300    3.350   0.4555
  19.700   19.800    3.350    3.400   0.3251
  19.700   19.800    3.400    3.450   0.2447
  19.700   19.800    3.450    3.500   0.0974
  19.700   19.800    3.500    3.550   0.0495
  19.700   19.800    3.550    3.600   0.0000
  19.800   19.900    2.000    2.050   0.0122
  19.800   19.900    2.050    2.100   0.0068
  19.800   19.900    2.100    2.150   0.0171
  19.800   19.900    2.150    2.200   0.0563
  19.800   19.900    2.200    2.250   0.4966
  19.800   19.900    2.250    2.300   0.7584
  19.800   19.900    2.300    2.350   0.8429
  19.800   19.900    2.350    2.400   0.8269
  19.800   19.900    2.400    2.450   0.7933
  19.800   19.900    2.450    2.500   0.8000
  19.800   19.900    2.500    2.550   0.7733
  19.800   19.900    2.550    2.600   0.6977
  19.800   19.900    2.600    2.650   0.4890
  19.800   19.900    2.650    2.700   0.3584
  19.800   19.900    2.700    2.750   0.2204
  19.800   19.900    2.750    2.800   0.1667
  19.800   19.900    2.800    2.850   0.3046
  19.800   19.900    2.850    2.900   0.2350
  19.800   19.900    2.900    2.950   0.3833
  19.800   19.900    2.950    3.000   0.3795
  19.800   19.900    3.000    3.050   0.4706
  19.800   19.900    3.050    3.100   0.5165
  19.800   19.900    3.100    3.150   0.5196
  19.800   19.900    3.150    3.200   0.5749
  19.800   19.900    3.200    3.250   0.6111
  19.800   19.900    3.250    3.300   0.6165
  19.800   19.900    3.300    3.350   0.5196
  19.800   19.900    3.350    3.400   0.3469
  19.800   19.900    3.400    3.450   0.2613
  19.800   19.900    3.450    3.500   0.1036
  19.800   19.900    3.500    3.550   0.0446
  19.800   19.900    3.550    3.600   0.0099
  19.900   20.000    2.000    2.050   0.0116
  19.900   20.000    2.050    2.100   0.0060
  19.900   20.000    2.100    2.150   0.0287
  19.900   20.000    2.150    2.200   0.1180
  19.900   20.000    2.200    2.250   0.4632
  19.900   20.000    2.250    2.300   0.6928
  19.900   20.000    2.300    2.350   0.7963
  19.900   20.000    2.350    2.400   0.7947
  19.900   20.000    2.400    2.450   0.7219
  19.900   20.000    2.450    2.500   0.7081
  19.900   20.000    2.500    2.550   0.6918
  19.900   20.000    2.550    2.600   0.5846
  19.900   20.000    2.600    2.650   0.4712
  19.900   20.000    2.650    2.700   0.3194
  19.900   20.000    2.700    2.750   0.1500
  19.900   20.000    2.750    2.800   0.1582
  19.900   20.000    2.800    2.850   0.2194
  19.900   20.000    2.850    2.900   0.2609
  19.900   20.000    2.900    2.950   0.2871
  19.900   20.000    2.950    3.000   0.3950
  19.900   20.000    3.000    3.050   0.4897
  19.900   20.000    3.050    3.100   0.5392
  19.900   20.000    3.100    3.150   0.5778
  19.900   20.000    3.150    3.200   0.6134
  19.900   20.000    3.200    3.250   0.5687
  19.900   20.000    3.250    3.300   0.6368
  19.900   20.000    3.300    3.350   0.4703
  19.900   20.000    3.350    3.400   0.4378
  19.900   20.000    3.400    3.450   0.2365
  19.900   20.000    3.450    3.500   0.1122
  19.900   20.000    3.500    3.550   0.0415
  19.900   20.000    3.550    3.600   0.0159
  20.000   20.100    2.000    2.050   0.0000
  20.000   20.100    2.050    2.100   0.0000
  20.000   20.100    2.100    2.150   0.0299
  20.000   20.100    2.150    2.200   0.1224
  20.000   20.100    2.200    2.250   0.4261
  20.000   20.100    2.250    2.300   0.6959
  20.000   20.100    2.300    2.350   0.8057
  20.000   20.100    2.350    2.400   0.7935
  20.000   20.100    2.400    2.450   0.7680
  20.000   20.100    2.450    2.500   0.6646
  20.000   20.100    2.500    2.550   0.6710
  20.000   20.100    2.550    2.600   0.5338
  20.000   20.100    2.600    2.650   0.4049
  20.000   20.100    2.650    2.700   0.3063
  20.000   20.100    2.700    2.750   0.1733
  20.000   20.100    2.750    2.800   0.1944
  20.000   20.100    2.800    2.850   0.1864
  20.000   20.100    2.850    2.900   0.2289
  20.000   20.100    2.900    2.950   0.3298
  20.000   20.100    2.950    3.000   0.3770
  20.000   20.100    3.000    3.050   0.3575
  20.000   20.100    3.050    3.100   0.4906
  20.000   20.100    3.100    3.150   0.5198
  20.000   20.100    3.150    3.200   0.5820
  20.000   20.100    3.200    3.250   0.5812
  20.000   20.100    3.250    3.300   0.4390
  20.000   20.100    3.300    3.350   0.5728
  20.000   20.100    3.350    3.400   0.3920
  20.000   20.100    3.400    3.450   0.2161
  20.000   20.100    3.450    3.500   0.0680
  20.000   20.100    3.500    3.550   0.0106
  20.000   20.100    3.550    3.600   0.0138
  20.100   20.200    2.000    2.050   0.0000
  20.100   20.200    2.050    2.100   0.0000
  20.100   20.200    2.100    2.150   0.0266
  20.100   20.200    2.150    2.200   0.0814
  20.100   20.200    2.200    2.250   0.3500
  20.100   20.200    2.250    2.300   0.6731
  20.100   20.200    2.300    2.350   0.7765
  20.100   20.200    2.350    2.400   0.7193
  20.100   20.200    2.400    2.450   0.7310
  20.100   20.200    2.450    2.500   0.6536
  20.100   20.200    2.500    2.550   0.6257
  20.100   20.200    2.550    2.600   0.5839
  20.100   20.200    2.600    2.650   0.4049
  20.100   20.200    2.650    2.700   0.2909
  20.100   20.200    2.700    2.750   0.1304
  20.100   20.200    2.750    2.800   0.1688
  20.100   20.200    2.800    2.850   0.1893
  20.100   20.200    2.850    2.900   0.2391
  20.100   20.200    2.900    2.950   0.2857
  20.100   20.200    2.950    3.000   0.3200
  20.100   20.200    3.000    3.050   0.3850
  20.100   20.200    3.050    3.100   0.4734
  20.100   20.200    3.100    3.150   0.5126
  20.100   20.200    3.150    3.200   0.5389
  20.100   20.200    3.200    3.250   0.5767
  20.100   20.200    3.250    3.300   0.5503
  20.100   20.200    3.300    3.350   0.4813
  20.100   20.200    3.350    3.400   0.3016
  20.100   20.200    3.400    3.450   0.2408
  20.100   20.200    3.450    3.500   0.0743
  20.100   20.200    3.500    3.550   0.0345
  20.100   20.200    3.550    3.600   0.0100
  20.200   20.300    2.000    2.050   0.0000
  20.200   20.300    2.050    2.100   0.0000
  20.200   20.300    2.100    2.150   0.0230
  20.200   20.300    2.150    2.200   0.1243
  20.200   20.300    2.200    2.250   0.4069
  20.200   20.300    2.250    2.300   0.6059
  20.200   20.300    2.300    2.350   0.7333
  20.200   20.300    2.350    2.400   0.7222
  20.200   20.300    2.400    2.450   0.7205
  20.200   20.300    2.450    2.500   0.7134
  20.200   20.300    2.500    2.550   0.5116
  20.200   20.300    2.550    2.600   0.5767
  20.200   20.300    2.600    2.650   0.3706
  20.200   20.300    2.650    2.700   0.2208
  20.200   20.300    2.700    2.750   0.1928
  20.200   20.300    2.750    2.800   0.1835
  20.200   20.300    2.800    2.850   0.1620
  20.200   20.300    2.850    2.900   0.2069
  20.200   20.300    2.900    2.950   0.3092
  20.200   20.300    2.950    3.000   0.4231
  20.200   20.300    3.000    3.050   0.4000
  20.200   20.300    3.050    3.100   0.4539
  20.200   20.300    3.100    3.150   0.5282
  20.200   20.300    3.150    3.200   0.5567
  20.200   20.300    3.200    3.250   0.5635
  20.200   20.300    3.250    3.300   0.5438
  20.200   20.300    3.300    3.350   0.4098
  20.200   20.300    3.350    3.400   0.3632
  20.200   20.300    3.400    3.450   0.2133
  20.200   20.300    3.450    3.500   0.0825
  20.200   20.300    3.500    3.550   0.0329
  20.200   20.300    3.550    3.600   0.0202
  20.300   20.400    2.000    2.050   0.0000
  20.300   20.400    2.050    2.100   0.0055
  20.300   20.400    2.100    2.150   0.0207
  20.300   20.400    2.150    2.200   0.0749
  20.300   20.400    2.200    2.250   0.4033
  20.300   20.400    2.250    2.300   0.4892
  20.300   20.400    2.300    2.350   0.6327
  20.300   20.400    2.350    2.400   0.6796
  20.300   20.400    2.400    2.450   0.6730
  20.300   20.400    2.450    2.500   0.6467
  20.300   20.400    2.500    2.550   0.6294
  20.300   20.400    2.550    2.600   0.5148
  20.300   20.400    2.600    2.650   0.4000
  20.300   20.400    2.650    2.700   0.2159
  20.300   20.400    2.700    2.750   0.1963
  20.300   20.400    2.750    2.800   0.1951
  20.300   20.400    2.800    2.850   0.2321
  20.300   20.400    2.850    2.900   0.2316
  20.300   20.400    2.900    2.950   0.3115
  20.300   20.400    2.950    3.000   0.3883
  20.300   20.400    3.000    3.050   0.4487
  20.300   20.400    3.050    3.100   0.4703
  20.300   20.400    3.100    3.150   0.4578
  20.300   20.400    3.150    3.200   0.5314
  20.300   20.400    3.200    3.250   0.6076
  20.300   20.400    3.250    3.300   0.5399
  20.300   20.400    3.300    3.350   0.5118
  20.300   20.400    3.350    3.400   0.3446
  20.300   20.400    3.400    3.450   0.1943
  20.300   20.400    3.450    3.500   0.0629
  20.300   20.400    3.500    3.550   0.0319
  20.300   20.400    3.550    3.600   0.0104
  20.400   20.500    2.000    2.050   0.0000
  20.400   20.500    2.050    2.100   0.0138
  20.400   20.500    2.100    2.150   0.0152
  20.400   20.500    2.150    2.200   0.1461
  20.400   20.500    2.200    2.250   0.3352
  20.400   20.500    2.250    2.300   0.4663
  20.400   20.500    2.300    2.350   0.6136
  20.400   20.500    2.350    2.400   0.6556
  20.400   20.500    2.400    2.450   0.5588
  20.400   20.500    2.450    2.500   0.6358
  20.400   20.500    2.500    2.550   0.6460
  20.400   20.500    2.550    2.600   0.4938
  20.400   20.500    2.600    2.650   0.4294
  20.400   20.500    2.650    2.700   0.2892
  20.400   20.500    2.700    2.750   0.2549
  20.400   20.500    2.750    2.800   0.2418
  20.400   20.500    2.800    2.850   0.1953
  20.400   20.500    2.850    2.900   0.2704
  20.400   20.500    2.900    2.950   0.3289
  20.400   20.500    2.950    3.000   0.2767
  20.400   20.500    3.000    3.050   0.3631
  20.400   20.500    3.050    3.100   0.4114
  20.400   20.500    3.100    3.150   0.5449
  20.400   20.500    3.150    3.200   0.5341
  20.400   20.500    3.200    3.250   0.5570
  20.400   20.500    3.250    3.300   0.5207
  20.400   20.500    3.300    3.350   0.4056
  20.400   20.500    3.350    3.400   0.3006
  20.400   20.500    3.400    3.450   0.1358
  20.400   20.500    3.450    3.500   0.0805
  20.400   20.500    3.500    3.550   0.0057
  20.400   20.500    3.550    3.600   0.0184
  20.500   20.600    2.000    2.050   0.0000
  20.500   20.600    2.050    2.100   0.0049
  20.500   20.600    2.100    2.150   0.0269
  20.500   20.600    2.150    2.200   0.0758
  20.500   20.600    2.200    2.250   0.2762
  20.500   20.600    2.250    2.300   0.4605
  20.500   20.600    2.300    2.350   0.5167
  20.500   20.600    2.350    2.400   0.5778
  20.500   20.600    2.400    2.450   0.5886
  20.500   20.600    2.450    2.500   0.5346
  20.500   20.600    2.500    2.550   0.5813
  20.500   20.600    2.550    2.600   0.5060
  20.500   20.600    2.600    2.650   0.4258
  20.500   20.600    2.650    2.700   0.2901
  20.500   20.600    2.700    2.750   0.2207
  20.500   20.600    2.750    2.800   0.2414
  20.500   20.600    2.800    2.850   0.2450
  20.500   20.600    2.850    2.900   0.2368
  20.500   20.600    2.900    2.950   0.2201
  20.500   20.600    2.950    3.000   0.3537
  20.500   20.600    3.000    3.050   0.3939
  20.500   20.600    3.050    3.100   0.4485
  20.500   20.600    3.100    3.150   0.5033
  20.500   20.600    3.150    3.200   0.4459
  20.500   20.600    3.200    3.250   0.4506
  20.500   20.600    3.250    3.300   0.4268
  20.500   20.600    3.300    3.350   0.4062
  20.500   20.600    3.350    3.400   0.2561
  20.500   20.600    3.400    3.450   0.1296
  20.500   20.600    3.450    3.500   0.0585
  20.500   20.600    3.500    3.550   0.0127
  20.500   20.600    3.550    3.600   0.0000
  20.600   20.700    2.000    2.050   0.0000
  20.600   20.700    2.050    2.100   0.0276
  20.600   20.700    2.100    2.150   0.0091
  20.600   20.700    2.150    2.200   0.0765
  20.600   20.700    2.200    2.250   0.2571
  20.600   20.700    2.250    2.300   0.5122
  20.600   20.700    2.300    2.350   0.5445
  20.600   20.700    2.350    2.400   0.4775
  20.600   20.700    2.400    2.450   0.5226
  20.600   20.700    2.450    2.500   0.5376
  20.600   20.700    2.500    2.550   0.5000
  20.600   20.700    2.550    2.600   0.5254
  20.600   20.700    2.600    2.650   0.4012
  20.600   20.700    2.650    2.700   0.3032
  20.600   20.700    2.700    2.750   0.2471
  20.600   20.700    2.750    2.800   0.1974
  20.600   20.700    2.800    2.850   0.1437
  20.600   20.700    2.850    2.900   0.3025
  20.600   20.700    2.900    2.950   0.3025
  20.600   20.700    2.950    3.000   0.3245
  20.600   20.700    3.000    3.050   0.3540
  20.600   20.700    3.050    3.100   0.3910
  20.600   20.700    3.100    3.150   0.3949
  20.600   20.700    3.150    3.200   0.5374
  20.600   20.700    3.200    3.250   0.4423
  20.600   20.700    3.250    3.300   0.3795
  20.600   20.700    3.300    3.350   0.4161
  20.600   20.700    3.350    3.400   0.2468
  20.600   20.700    3.400    3.450   0.1032
  20.600   20.700    3.450    3.500   0.0377
  20.600   20.700    3.500    3.550   0.0174
  20.600   20.700    3.550    3.600   0.0175
  20.700   20.800    2.000    2.050   0.0086
  20.700   20.800    2.050    2.100   0.0000
  20.700   20.800    2.100    2.150   0.0052
  20.700   20.800    2.150    2.200   0.0984
  20.700   20.800    2.200    2.250   0.2642
  20.700   20.800    2.250    2.300   0.3895
  20.700   20.800    2.300    2.350   0.5160
  20.700   20.800    2.350    2.400   0.5024
  20.700   20.800    2.400    2.450   0.5208
  20.700   20.800    2.450    2.500   0.4724
  20.700   20.800    2.500    2.550   0.4493
  20.700   20.800    2.550    2.600   0.4294
  20.700   20.800    2.600    2.650   0.3392
  20.700   20.800    2.650    2.700   0.3028
  20.700   20.800    2.700    2.750   0.2403
  20.700   20.800    2.750    2.800   0.2109
  20.700   20.800    2.800    2.850   0.2407
  20.700   20.800    2.850    2.900   0.2827
  20.700   20.800    2.900    2.950   0.2832
  20.700   20.800    2.950    3.000   0.3221
  20.700   20.800    3.000    3.050   0.3517
  20.700   20.800    3.050    3.100   0.3553
  20.700   20.800    3.100    3.150   0.4033
  20.700   20.800    3.150    3.200   0.4556
  20.700   20.800    3.200    3.250   0.4607
  20.700   20.800    3.250    3.300   0.3571
  20.700   20.800    3.300    3.350   0.3333
  20.700   20.800    3.350    3.400   0.1718
  20.700   20.800    3.400    3.450   0.0818
  20.700   20.800    3.450    3.500   0.0596
  20.700   20.800    3.500    3.550   0.0179
  20.700   20.800    3.550    3.600   0.0000
  20.800   20.900    2.000    2.050   0.0050
  20.800   20.900    2.050    2.100   0.0000
  20.800   20.900    2.100    2.150   0.0048
  20.800   20.900    2.150    2.200   0.0939
  20.800   20.900    2.200    2.250   0.2907
  20.800   20.900    2.250    2.300   0.4531
  20.800   20.900    2.300    2.350   0.4314
  20.800   20.900    2.350    2.400   0.5343
  20.800   20.900    2.400    2.450   0.5000
  20.800   20.900    2.450    2.500   0.4975
  20.800   20.900    2.500    2.550   0.3533
  20.800   20.900    2.550    2.600   0.3295
  20.800   20.900    2.600    2.650   0.2751
  20.800   20.900    2.650    2.700   0.3131
  20.800   20.900    2.700    2.750   0.2513
  20.800   20.900    2.750    2.800   0.2243
  20.800   20.900    2.800    2.850   0.2067
  20.800   20.900    2.850    2.900   0.2000
  20.800   20.900    2.900    2.950   0.2308
  20.800   20.900    2.950    3.000   0.2042
  20.800   20.900    3.000    3.050   0.3533
  20.800   20.900    3.050    3.100   0.3636
  20.800   20.900    3.100    3.150   0.3693
  20.800   20.900    3.150    3.200   0.4249
  20.800   20.900    3.200    3.250   0.3506
  20.800   20.900    3.250    3.300   0.3742
  20.800   20.900    3.300    3.350   0.2484
  20.800   20.900    3.350    3.400   0.1737
  20.800   20.900    3.400    3.450   0.0564
  20.800   20.900    3.450    3.500   0.0265
  20.800   20.900    3.500    3.550   0.0062
  20.800   20.900    3.550    3.600   0.0000
  20.900   21.000    2.000    2.050   0.0051
  20.900   21.000    2.050    2.100   0.0095
  20.900   21.000    2.100    2.150   0.0300
  20.900   21.000    2.150    2.200   0.0846
  20.900   21.000    2.200    2.250   0.2772
  20.900   21.000    2.250    2.300   0.3736
  20.900   21.000    2.300    2.350   0.4674
  20.900   21.000    2.350    2.400   0.4789
  20.900   21.000    2.400    2.450   0.4645
  20.900   21.000    2.450    2.500   0.4421
  20.900   21.000    2.500    2.550   0.3415
  20.900   21.000    2.550    2.600   0.3379
  20.900   21.000    2.600    2.650   0.3180
  20.900   21.000    2.650    2.700   0.2488
  20.900   21.000    2.700    2.750   0.2262
  20.900   21.000    2.750    2.800   0.2270
  20.900   21.000    2.800    2.850   0.2967
  20.900   21.000    2.850    2.900   0.2614
  20.900   21.000    2.900    2.950   0.2247
  20.900   21.000    2.950    3.000   0.2000
  20.900   21.000    3.000    3.050   0.2527
  20.900   21.000    3.050    3.100   0.3111
  20.900   21.000    3.100    3.150   0.2841
  20.900   21.000    3.150    3.200   0.2988
  20.900   21.000    3.200    3.250   0.3311
  20.900   21.000    3.250    3.300   0.3392
  20.900   21.000    3.300    3.350   0.2722
  20.900   21.000    3.350    3.400   0.1364
  20.900   21.000    3.400    3.450   0.0473
  20.900   21.000    3.450    3.500   0.0114
  20.900   21.000    3.500    3.550   0.0000
  20.900   21.000    3.550    3.600   0.0063
  21.000   21.100    2.000    2.050   0.0103
  21.000   21.100    2.050    2.100   0.0097
  21.000   21.100    2.100    2.150   0.0053
  21.000   21.100    2.150    2.200   0.0625
  21.000   21.100    2.200    2.250   0.2286
  21.000   21.100    2.250    2.300   0.3062
  21.000   21.100    2.300    2.350   0.4450
  21.000   21.100    2.350    2.400   0.4328
  21.000   21.100    2.400    2.450   0.3899
  21.000   21.100    2.450    2.500   0.3762
  21.000   21.100    2.500    2.550   0.3687
  21.000   21.100    2.550    2.600   0.3548
  21.000   21.100    2.600    2.650   0.3069
  21.000   21.100    2.650    2.700   0.2925
  21.000   21.100    2.700    2.750   0.2430
  21.000   21.100    2.750    2.800   0.1958
  21.000   21.100    2.800    2.850   0.2600
  21.000   21.100    2.850    2.900   0.2184
  21.000   21.100    2.900    2.950   0.2010
  21.000   21.100    2.950    3.000   0.2623
  21.000   21.100    3.000    3.050   0.2601
  21.000   21.100    3.050    3.100   0.2431
  21.000   21.100    3.100    3.150   0.2634
  21.000   21.100    3.150    3.200   0.3293
  21.000   21.100    3.200    3.250   0.3333
  21.000   21.100    3.250    3.300   0.2803
  21.000   21.100    3.300    3.350   0.2099
  21.000   21.100    3.350    3.400   0.1409
  21.000   21.100    3.400    3.450   0.0500
  21.000   21.100    3.450    3.500   0.0070
  21.000   21.100    3.500    3.550   0.0000
  21.000   21.100    3.550    3.600   0.0000
  21.100   21.200    2.000    2.050   0.0051
  21.100   21.200    2.050    2.100   0.0096
  21.100   21.200    2.100    2.150   0.0160
  21.100   21.200    2.150    2.200   0.0917
  21.100   21.200    2.200    2.250   0.2407
  21.100   21.200    2.250    2.300   0.3713
  21.100   21.200    2.300    2.350   0.3781
  21.100   21.200    2.350    2.400   0.4247
  21.100   21.200    2.400    2.450   0.3883
  21.100   21.200    2.450    2.500   0.3561
  21.100   21.200    2.500    2.550   0.3947
  21.100   21.200    2.550    2.600   0.3300
  21.100   21.200    2.600    2.650   0.3399
  21.100   21.200    2.650    2.700   0.2453
  21.100   21.200    2.700    2.750   0.2526
  21.100   21.200    2.750    2.800   0.1386
  21.100   21.200    2.800    2.850   0.1596
  21.100   21.200    2.850    2.900   0.1900
  21.100   21.200    2.900    2.950   0.2147
  21.100   21.200    2.950    3.000   0.1939
  21.100   21.200    3.000    3.050   0.2071
  21.100   21.200    3.050    3.100   0.2154
  21.100   21.200    3.100    3.150   0.2239
  21.100   21.200    3.150    3.200   0.2910
  21.100   21.200    3.200    3.250   0.2995
  21.100   21.200    3.250    3.300   0.2373
  21.100   21.200    3.300    3.350   0.1632
  21.100   21.200    3.350    3.400   0.1168
  21.100   21.200    3.400    3.450   0.0276
  21.100   21.200    3.450    3.500   0.0119
  21.100   21.200    3.500    3.550   0.0120
  21.100   21.200    3.550    3.600   0.0000
  21.200   21.300    2.000    2.050   0.0146
  21.200   21.300    2.050    2.100   0.0050
  21.200   21.300    2.100    2.150   0.0265
  21.200   21.300    2.150    2.200   0.0650
  21.200   21.300    2.200    2.250   0.1697
  21.200   21.300    2.250    2.300   0.2885
  21.200   21.300    2.300    2.350   0.3876
  21.200   21.300    2.350    2.400   0.4140
  21.200   21.300    2.400    2.450   0.3590
  21.200   21.300    2.450    2.500   0.3192
  21.200   21.300    2.500    2.550   0.3881
  21.200   21.300    2.550    2.600   0.3205
  21.200   21.300    2.600    2.650   0.3235
  21.200   21.300    2.650    2.700   0.2420
  21.200   21.300    2.700    2.750   0.1961
  21.200   21.300    2.750    2.800   0.1880
  21.200   21.300    2.800    2.850   0.1762
  21.200   21.300    2.850    2.900   0.1818
  21.200   21.300    2.900    2.950   0.1806
  21.200   21.300    2.950    3.000   0.1782
  21.200   21.300    3.000    3.050   0.2255
  21.200   21.300    3.050    3.100   0.2549
  21.200   21.300    3.100    3.150   0.2140
  21.200   21.300    3.150    3.200   0.2437
  21.200   21.300    3.200    3.250   0.1991
  21.200   21.300    3.250    3.300   0.2097
  21.200   21.300    3.300    3.350   0.0991
  21.200   21.300    3.350    3.400   0.0591
  21.200   21.300    3.400    3.450   0.0221
  21.200   21.300    3.450    3.500   0.0097
  21.200   21.300    3.500    3.550   0.0000
  21.200   21.300    3.550    3.600   0.0000
  21.300   21.400    2.000    2.050   0.0000
  21.300   21.400    2.050    2.100   0.0157
  21.300   21.400    2.100    2.150   0.0265
  21.300   21.400    2.150    2.200   0.0786
  21.300   21.400    2.200    2.250   0.1696
  21.300   21.400    2.250    2.300   0.2740
  21.300   21.400    2.300    2.350   0.3128
  21.300   21.400    2.350    2.400   0.4219
  21.300   21.400    2.400    2.450   0.3780
  21.300   21.400    2.450    2.500   0.3538
  21.300   21.400    2.500    2.550   0.3281
  21.300   21.400    2.550    2.600   0.3095
  21.300   21.400    2.600    2.650   0.2268
  21.300   21.400    2.650    2.700   0.2571
  21.300   21.400    2.700    2.750   0.1690
  21.300   21.400    2.750    2.800   0.2079
  21.300   21.400    2.800    2.850   0.1651
  21.300   21.400    2.850    2.900   0.1641
  21.300   21.400    2.900    2.950   0.1518
  21.300   21.400    2.950    3.000   0.1756
  21.300   21.400    3.000    3.050   0.1468
  21.300   21.400    3.050    3.100   0.1490
  21.300   21.400    3.100    3.150   0.1643
  21.300   21.400    3.150    3.200   0.1422
  21.300   21.400    3.200    3.250   0.1762
  21.300   21.400    3.250    3.300   0.1538
  21.300   21.400    3.300    3.350   0.0938
  21.300   21.400    3.350    3.400   0.0625
  21.300   21.400    3.400    3.450   0.0183
  21.300   21.400    3.450    3.500   0.0098
  21.300   21.400    3.500    3.550   0.0000
  21.300   21.400    3.550    3.600   0.0000
  21.400   21.500    2.000    2.050   0.0000
  21.400   21.500    2.050    2.100   0.0050
  21.400   21.500    2.100    2.150   0.0291
  21.400   21.500    2.150    2.200   0.0386
  21.400   21.500    2.200    2.250   0.1368
  21.400   21.500    2.250    2.300   0.2812
  21.400   21.500    2.300    2.350   0.3077
  21.400   21.500    2.350    2.400   0.3768
  21.400   21.500    2.400    2.450   0.3350
  21.400   21.500    2.450    2.500   0.2789
  21.400   21.500    2.500    2.550   0.2600
  21.400   21.500    2.550    2.600   0.2917
  21.400   21.500    2.600    2.650   0.2689
  21.400   21.500    2.650    2.700   0.2195
  21.400   21.500    2.700    2.750   0.1731
  21.400   21.500    2.750    2.800   0.1436
  21.400   21.500    2.800    2.850   0.1472
  21.400   21.500    2.850    2.900   0.1534
  21.400   21.500    2.900    2.950   0.1389
  21.400   21.500    2.950    3.000   0.1168
  21.400   21.500    3.000    3.050   0.1478
  21.400   21.500    3.050    3.100   0.1875
  21.400   21.500    3.100    3.150   0.1337
  21.400   21.500    3.150    3.200   0.1429
  21.400   21.500    3.200    3.250   0.1290
  21.400   21.500    3.250    3.300   0.0826
  21.400   21.500    3.300    3.350   0.0735
  21.400   21.500    3.350    3.400   0.0282
  21.400   21.500    3.400    3.450   0.0093
  21.400   21.500    3.450    3.500   0.0053
  21.400   21.500    3.500    3.550   0.0000
  21.400   21.500    3.550    3.600   0.0051
  21.500   21.600    2.000    2.050   0.0227
  21.500   21.600    2.050    2.100   0.0052
  21.500   21.600    2.100    2.150   0.0221
  21.500   21.600    2.150    2.200   0.0166
  21.500   21.600    2.200    2.250   0.0878
  21.500   21.600    2.250    2.300   0.2127
  21.500   21.600    2.300    2.350   0.2436
  21.500   21.600    2.350    2.400   0.2791
  21.500   21.600    2.400    2.450   0.3317
  21.500   21.600    2.450    2.500   0.2732
  21.500   21.600    2.500    2.550   0.2350
  21.500   21.600    2.550    2.600   0.2207
  21.500   21.600    2.600    2.650   0.2367
  21.500   21.600    2.650    2.700   0.1973
  21.500   21.600    2.700    2.750   0.1415
  21.500   21.600    2.750    2.800   0.1838
  21.500   21.600    2.800    2.850   0.1015
  21.500   21.600    2.850    2.900   0.1579
  21.500   21.600    2.900    2.950   0.1282
  21.500   21.600    2.950    3.000   0.1429
  21.500   21.600    3.000    3.050   0.0978
  21.500   21.600    3.050    3.100   0.1282
  21.500   21.600    3.100    3.150   0.1080
  21.500   21.600    3.150    3.200   0.1135
  21.500   21.600    3.200    3.250   0.0995
  21.500   21.600    3.250    3.300   0.0630
  21.500   21.600    3.300    3.350   0.0547
  21.500   21.600    3.350    3.400   0.0206
  21.500   21.600    3.400    3.450   0.0103
  21.500   21.600    3.450    3.500   0.0000
  21.500   21.600    3.500    3.550   0.0000
  21.500   21.600    3.550    3.600   0.0000
  21.600   21.700    2.000    2.050   0.0112
  21.600   21.700    2.050    2.100   0.0100
  21.600   21.700    2.100    2.150   0.0198
  21.600   21.700    2.150    2.200   0.0298
  21.600   21.700    2.200    2.250   0.1164
  21.600   21.700    2.250    2.300   0.1339
  21.600   21.700    2.300    2.350   0.2500
  21.600   21.700    2.350    2.400   0.2322
  21.600   21.700    2.400    2.450   0.2673
  21.600   21.700    2.450    2.500   0.2163
  21.600   21.700    2.500    2.550   0.2128
  21.600   21.700    2.550    2.600   0.2388
  21.600   21.700    2.600    2.650   0.2020
  21.600   21.700    2.650    2.700   0.1571
  21.600   21.700    2.700    2.750   0.1345
  21.600   21.700    2.750    2.800   0.1152
  21.600   21.700    2.800    2.850   0.1364
  21.600   21.700    2.850    2.900   0.1447
  21.600   21.700    2.900    2.950   0.1455
  21.600   21.700    2.950    3.000   0.1312
  21.600   21.700    3.000    3.050   0.1031
  21.600   21.700    3.050    3.100   0.0853
  21.600   21.700    3.100    3.150   0.0870
  21.600   21.700    3.150    3.200   0.0708
  21.600   21.700    3.200    3.250   0.0469
  21.600   21.700    3.250    3.300   0.0725
  21.600   21.700    3.300    3.350   0.0279
  21.600   21.700    3.350    3.400   0.0224
  21.600   21.700    3.400    3.450   0.0045
  21.600   21.700    3.450    3.500   0.0047
  21.600   21.700    3.500    3.550   0.0000
  21.600   21.700    3.550    3.600   0.0043
  21.700   21.800    2.000    2.050   0.0000
  21.700   21.800    2.050    2.100   0.0055
  21.700   21.800    2.100    2.150   0.0048
  21.700   21.800    2.150    2.200   0.0377
  21.700   21.800    2.200    2.250   0.1020
  21.700   21.800    2.250    2.300   0.1651
  21.700   21.800    2.300    2.350   0.2108
  21.700   21.800    2.350    2.400   0.2304
  21.700   21.800    2.400    2.450   0.1628
  21.700   21.800    2.450    2.500   0.2038
  21.700   21.800    2.500    2.550   0.1532
  21.700   21.800    2.550    2.600   0.1435
  21.700   21.800    2.600    2.650   0.1562
  21.700   21.800    2.650    2.700   0.1642
  21.700   21.800    2.700    2.750   0.0942
  21.700   21.800    2.750    2.800   0.1244
  21.700   21.800    2.800    2.850   0.0939
  21.700   21.800    2.850    2.900   0.1337
  21.700   21.800    2.900    2.950   0.0939
  21.700   21.800    2.950    3.000   0.1122
  21.700   21.800    3.000    3.050   0.1098
  21.700   21.800    3.050    3.100   0.0697
  21.700   21.800    3.100    3.150   0.0529
  21.700   21.800    3.150    3.200   0.0365
  21.700   21.800    3.200    3.250   0.0423
  21.700   21.800    3.250    3.300   0.0380
  21.700   21.800    3.300    3.350   0.0091
  21.700   21.800    3.350    3.400   0.0139
  21.700   21.800    3.400    3.450   0.0000
  21.700   21.800    3.450    3.500   0.0000
  21.700   21.800    3.500    3.550   0.0000
  21.700   21.800    3.550    3.600   0.0000
  21.800   21.900    2.000    2.050   0.0093
  21.800   21.900    2.050    2.100   0.0071
  21.800   21.900    2.100    2.150   0.0061
  21.800   21.900    2.150    2.200   0.0116
  21.800   21.900    2.200    2.250   0.0625
  21.800   21.900    2.250    2.300   0.1034
  21.800   21.900    2.300    2.350   0.1967
  21.800   21.900    2.350    2.400   0.1451
  21.800   21.900    2.400    2.450   0.1683
  21.800   21.900    2.450    2.500   0.1166
  21.800   21.900    2.500    2.550   0.1371
  21.800   21.900    2.550    2.600   0.1393
  21.800   21.900    2.600    2.650   0.1456
  21.800   21.900    2.650    2.700   0.1047
  21.800   21.900    2.700    2.750   0.1198
  21.800   21.900    2.750    2.800   0.0909
  21.800   21.900    2.800    2.850   0.1066
  21.800   21.900    2.850    2.900   0.0585
  21.800   21.900    2.900    2.950   0.0905
  21.800   21.900    2.950    3.000   0.0452
  21.800   21.900    3.000    3.050   0.0398
  21.800   21.900    3.050    3.100   0.0495
  21.800   21.900    3.100    3.150   0.0359
  21.800   21.900    3.150    3.200   0.0300
  21.800   21.900    3.200    3.250   0.0234
  21.800   21.900    3.250    3.300   0.0391
  21.800   21.900    3.300    3.350   0.0048
  21.800   21.900    3.350    3.400   0.0000
  21.800   21.900    3.400    3.450   0.0000
  21.800   21.900    3.450    3.500   0.0000
  21.800   21.900    3.500    3.550   0.0000
  21.800   21.900    3.550    3.600   0.0000
