 i_start    i_end  z_start    z_end     sel.
  17.500   17.600    2.000    2.050   0.0000
  17.500   17.600    2.050    2.100   0.0000
  17.500   17.600    2.100    2.150   0.0000
  17.500   17.600    2.150    2.200   0.0000
  17.500   17.600    2.200    2.250   0.0000
  17.500   17.600    2.250    2.300   0.0000
  17.500   17.600    2.300    2.350   0.0000
  17.500   17.600    2.350    2.400   0.0000
  17.500   17.600    2.400    2.450   0.0000
  17.500   17.600    2.450    2.500   0.0000
  17.500   17.600    2.500    2.550   0.0000
  17.500   17.600    2.550    2.600   0.0000
  17.500   17.600    2.600    2.650   0.0000
  17.500   17.600    2.650    2.700   0.0000
  17.500   17.600    2.700    2.750   0.0000
  17.500   17.600    2.750    2.800   0.0000
  17.500   17.600    2.800    2.850   0.0000
  17.500   17.600    2.850    2.900   0.0000
  17.500   17.600    2.900    2.950   0.0000
  17.500   17.600    2.950    3.000   0.0000
  17.500   17.600    3.000    3.050   0.0000
  17.500   17.600    3.050    3.100   0.0000
  17.500   17.600    3.100    3.150   0.0000
  17.500   17.600    3.150    3.200   0.0000
  17.500   17.600    3.200    3.250   0.0000
  17.500   17.600    3.250    3.300   0.0000
  17.500   17.600    3.300    3.350   0.0000
  17.500   17.600    3.350    3.400   0.0000
  17.500   17.600    3.400    3.450   0.0000
  17.500   17.600    3.450    3.500   0.0000
  17.500   17.600    3.500    3.550   0.0000
  17.500   17.600    3.550    3.600   0.0000
  17.600   17.700    2.000    2.050   0.0000
  17.600   17.700    2.050    2.100   0.0000
  17.600   17.700    2.100    2.150   0.0000
  17.600   17.700    2.150    2.200   0.0000
  17.600   17.700    2.200    2.250   0.0000
  17.600   17.700    2.250    2.300   0.0000
  17.600   17.700    2.300    2.350   0.0000
  17.600   17.700    2.350    2.400   0.0000
  17.600   17.700    2.400    2.450   0.0000
  17.600   17.700    2.450    2.500   0.0000
  17.600   17.700    2.500    2.550   0.0000
  17.600   17.700    2.550    2.600   0.0000
  17.600   17.700    2.600    2.650   0.0000
  17.600   17.700    2.650    2.700   0.0000
  17.600   17.700    2.700    2.750   0.0000
  17.600   17.700    2.750    2.800   0.0000
  17.600   17.700    2.800    2.850   0.0000
  17.600   17.700    2.850    2.900   0.0000
  17.600   17.700    2.900    2.950   0.0000
  17.600   17.700    2.950    3.000   0.0000
  17.600   17.700    3.000    3.050   0.0000
  17.600   17.700    3.050    3.100   0.0000
  17.600   17.700    3.100    3.150   0.0000
  17.600   17.700    3.150    3.200   0.0000
  17.600   17.700    3.200    3.250   0.0000
  17.600   17.700    3.250    3.300   0.0000
  17.600   17.700    3.300    3.350   0.0000
  17.600   17.700    3.350    3.400   0.0000
  17.600   17.700    3.400    3.450   0.0000
  17.600   17.700    3.450    3.500   0.0000
  17.600   17.700    3.500    3.550   0.0000
  17.600   17.700    3.550    3.600   0.0000
  17.700   17.800    2.000    2.050   0.0000
  17.700   17.800    2.050    2.100   0.0000
  17.700   17.800    2.100    2.150   0.0000
  17.700   17.800    2.150    2.200   0.0000
  17.700   17.800    2.200    2.250   0.0000
  17.700   17.800    2.250    2.300   0.0000
  17.700   17.800    2.300    2.350   0.0000
  17.700   17.800    2.350    2.400   0.0000
  17.700   17.800    2.400    2.450   0.0000
  17.700   17.800    2.450    2.500   0.0000
  17.700   17.800    2.500    2.550   0.0000
  17.700   17.800    2.550    2.600   0.0000
  17.700   17.800    2.600    2.650   0.0000
  17.700   17.800    2.650    2.700   0.0000
  17.700   17.800    2.700    2.750   0.0000
  17.700   17.800    2.750    2.800   0.0000
  17.700   17.800    2.800    2.850   0.0000
  17.700   17.800    2.850    2.900   0.0000
  17.700   17.800    2.900    2.950   0.0000
  17.700   17.800    2.950    3.000   0.0000
  17.700   17.800    3.000    3.050   0.0000
  17.700   17.800    3.050    3.100   0.0000
  17.700   17.800    3.100    3.150   0.0000
  17.700   17.800    3.150    3.200   0.0000
  17.700   17.800    3.200    3.250   0.0000
  17.700   17.800    3.250    3.300   0.0000
  17.700   17.800    3.300    3.350   0.0000
  17.700   17.800    3.350    3.400   0.0000
  17.700   17.800    3.400    3.450   0.0000
  17.700   17.800    3.450    3.500   0.0000
  17.700   17.800    3.500    3.550   0.0000
  17.700   17.800    3.550    3.600   0.0000
  17.800   17.900    2.000    2.050   0.0000
  17.800   17.900    2.050    2.100   0.0000
  17.800   17.900    2.100    2.150   0.0000
  17.800   17.900    2.150    2.200   0.0052
  17.800   17.900    2.200    2.250   0.0938
  17.800   17.900    2.250    2.300   0.2903
  17.800   17.900    2.300    2.350   0.3967
  17.800   17.900    2.350    2.400   0.4038
  17.800   17.900    2.400    2.450   0.4775
  17.800   17.900    2.450    2.500   0.4362
  17.800   17.900    2.500    2.550   0.4118
  17.800   17.900    2.550    2.600   0.5337
  17.800   17.900    2.600    2.650   0.4750
  17.800   17.900    2.650    2.700   0.4550
  17.800   17.900    2.700    2.750   0.3316
  17.800   17.900    2.750    2.800   0.1863
  17.800   17.900    2.800    2.850   0.1287
  17.800   17.900    2.850    2.900   0.0794
  17.800   17.900    2.900    2.950   0.1481
  17.800   17.900    2.950    3.000   0.1832
  17.800   17.900    3.000    3.050   0.2589
  17.800   17.900    3.050    3.100   0.2857
  17.800   17.900    3.100    3.150   0.3260
  17.800   17.900    3.150    3.200   0.3810
  17.800   17.900    3.200    3.250   0.3769
  17.800   17.900    3.250    3.300   0.3750
  17.800   17.900    3.300    3.350   0.2879
  17.800   17.900    3.350    3.400   0.2933
  17.800   17.900    3.400    3.450   0.3177
  17.800   17.900    3.450    3.500   0.1642
  17.800   17.900    3.500    3.550   0.0393
  17.800   17.900    3.550    3.600   0.0100
  17.900   18.000    2.000    2.050   0.0000
  17.900   18.000    2.050    2.100   0.0000
  17.900   18.000    2.100    2.150   0.0052
  17.900   18.000    2.150    2.200   0.0145
  17.900   18.000    2.200    2.250   0.1190
  17.900   18.000    2.250    2.300   0.6872
  17.900   18.000    2.300    2.350   0.8524
  17.900   18.000    2.350    2.400   0.8500
  17.900   18.000    2.400    2.450   0.9184
  17.900   18.000    2.450    2.500   0.8915
  17.900   18.000    2.500    2.550   0.8544
  17.900   18.000    2.550    2.600   0.9312
  17.900   18.000    2.600    2.650   0.8863
  17.900   18.000    2.650    2.700   0.8610
  17.900   18.000    2.700    2.750   0.7079
  17.900   18.000    2.750    2.800   0.4129
  17.900   18.000    2.800    2.850   0.2172
  17.900   18.000    2.850    2.900   0.1753
  17.900   18.000    2.900    2.950   0.1704
  17.900   18.000    2.950    3.000   0.3004
  17.900   18.000    3.000    3.050   0.4106
  17.900   18.000    3.050    3.100   0.5083
  17.900   18.000    3.100    3.150   0.5619
  17.900   18.000    3.150    3.200   0.6000
  17.900   18.000    3.200    3.250   0.7150
  17.900   18.000    3.250    3.300   0.6776
  17.900   18.000    3.300    3.350   0.6851
  17.900   18.000    3.350    3.400   0.5931
  17.900   18.000    3.400    3.450   0.4706
  17.900   18.000    3.450    3.500   0.3493
  17.900   18.000    3.500    3.550   0.0891
  17.900   18.000    3.550    3.600   0.0405
  18.000   18.100    2.000    2.050   0.0000
  18.000   18.100    2.050    2.100   0.0051
  18.000   18.100    2.100    2.150   0.0049
  18.000   18.100    2.150    2.200   0.0089
  18.000   18.100    2.200    2.250   0.1520
  18.000   18.100    2.250    2.300   0.5271
  18.000   18.100    2.300    2.350   0.9034
  18.000   18.100    2.350    2.400   0.9040
  18.000   18.100    2.400    2.450   0.8587
  18.000   18.100    2.450    2.500   0.8913
  18.000   18.100    2.500    2.550   0.9130
  18.000   18.100    2.550    2.600   0.8950
  18.000   18.100    2.600    2.650   0.8779
  18.000   18.100    2.650    2.700   0.7628
  18.000   18.100    2.700    2.750   0.6131
  18.000   18.100    2.750    2.800   0.3918
  18.000   18.100    2.800    2.850   0.2981
  18.000   18.100    2.850    2.900   0.1794
  18.000   18.100    2.900    2.950   0.2556
  18.000   18.100    2.950    3.000   0.3904
  18.000   18.100    3.000    3.050   0.4415
  18.000   18.100    3.050    3.100   0.5433
  18.000   18.100    3.100    3.150   0.5873
  18.000   18.100    3.150    3.200   0.6865
  18.000   18.100    3.200    3.250   0.6744
  18.000   18.100    3.250    3.300   0.7534
  18.000   18.100    3.300    3.350   0.7000
  18.000   18.100    3.350    3.400   0.5468
  18.000   18.100    3.400    3.450   0.6029
  18.000   18.100    3.450    3.500   0.3659
  18.000   18.100    3.500    3.550   0.1070
  18.000   18.100    3.550    3.600   0.0199
  18.100   18.200    2.000    2.050   0.0000
  18.100   18.200    2.050    2.100   0.0000
  18.100   18.200    2.100    2.150   0.0000
  18.100   18.200    2.150    2.200   0.0053
  18.100   18.200    2.200    2.250   0.1508
  18.100   18.200    2.250    2.300   0.6545
  18.100   18.200    2.300    2.350   0.7990
  18.100   18.200    2.350    2.400   0.8863
  18.100   18.200    2.400    2.450   0.9082
  18.100   18.200    2.450    2.500   0.9426
  18.100   18.200    2.500    2.550   0.8544
  18.100   18.200    2.550    2.600   0.8565
  18.100   18.200    2.600    2.650   0.7303
  18.100   18.200    2.650    2.700   0.5645
  18.100   18.200    2.700    2.750   0.3804
  18.100   18.200    2.750    2.800   0.3024
  18.100   18.200    2.800    2.850   0.2944
  18.100   18.200    2.850    2.900   0.3520
  18.100   18.200    2.900    2.950   0.4225
  18.100   18.200    2.950    3.000   0.4722
  18.100   18.200    3.000    3.050   0.5425
  18.100   18.200    3.050    3.100   0.6649
  18.100   18.200    3.100    3.150   0.7264
  18.100   18.200    3.150    3.200   0.6849
  18.100   18.200    3.200    3.250   0.8280
  18.100   18.200    3.250    3.300   0.7633
  18.100   18.200    3.300    3.350   0.7500
  18.100   18.200    3.350    3.400   0.6715
  18.100   18.200    3.400    3.450   0.4943
  18.100   18.200    3.450    3.500   0.2985
  18.100   18.200    3.500    3.550   0.0714
  18.100   18.200    3.550    3.600   0.0048
  18.200   18.300    2.000    2.050   0.0000
  18.200   18.300    2.050    2.100   0.0048
  18.200   18.300    2.100    2.150   0.0000
  18.200   18.300    2.150    2.200   0.0000
  18.200   18.300    2.200    2.250   0.0673
  18.200   18.300    2.250    2.300   0.5413
  18.200   18.300    2.300    2.350   0.7624
  18.200   18.300    2.350    2.400   0.8000
  18.200   18.300    2.400    2.450   0.8418
  18.200   18.300    2.450    2.500   0.8727
  18.200   18.300    2.500    2.550   0.8762
  18.200   18.300    2.550    2.600   0.8614
  18.200   18.300    2.600    2.650   0.8048
  18.200   18.300    2.650    2.700   0.6146
  18.200   18.300    2.700    2.750   0.4059
  18.200   18.300    2.750    2.800   0.3258
  18.200   18.300    2.800    2.850   0.3014
  18.200   18.300    2.850    2.900   0.3626
  18.200   18.300    2.900    2.950   0.4929
  18.200   18.300    2.950    3.000   0.5588
  18.200   18.300    3.000    3.050   0.7000
  18.200   18.300    3.050    3.100   0.7192
  18.200   18.300    3.100    3.150   0.7488
  18.200   18.300    3.150    3.200   0.8038
  18.200   18.300    3.200    3.250   0.8066
  18.200   18.300    3.250    3.300   0.8343
  18.200   18.300    3.300    3.350   0.6856
  18.200   18.300    3.350    3.400   0.6439
  18.200   18.300    3.400    3.450   0.5261
  18.200   18.300    3.450    3.500   0.3333
  18.200   18.300    3.500    3.550   0.0648
  18.200   18.300    3.550    3.600   0.0149
  18.300   18.400    2.000    2.050   0.0000
  18.300   18.400    2.050    2.100   0.0104
  18.300   18.400    2.100    2.150   0.0098
  18.300   18.400    2.150    2.200   0.0000
  18.300   18.400    2.200    2.250   0.1392
  18.300   18.400    2.250    2.300   0.6348
  18.300   18.400    2.300    2.350   0.7989
  18.300   18.400    2.350    2.400   0.8700
  18.300   18.400    2.400    2.450   0.8911
  18.300   18.400    2.450    2.500   0.9289
  18.300   18.400    2.500    2.550   0.9082
  18.300   18.400    2.550    2.600   0.8969
  18.300   18.400    2.600    2.650   0.8868
  18.300   18.400    2.650    2.700   0.6878
  18.300   18.400    2.700    2.750   0.5274
  18.300   18.400    2.750    2.800   0.4082
  18.300   18.400    2.800    2.850   0.3048
  18.300   18.400    2.850    2.900   0.3869
  18.300   18.400    2.900    2.950   0.4020
  18.300   18.400    2.950    3.000   0.5877
  18.300   18.400    3.000    3.050   0.6438
  18.300   18.400    3.050    3.100   0.7056
  18.300   18.400    3.100    3.150   0.7629
  18.300   18.400    3.150    3.200   0.8218
  18.300   18.400    3.200    3.250   0.8040
  18.300   18.400    3.250    3.300   0.7721
  18.300   18.400    3.300    3.350   0.6557
  18.300   18.400    3.350    3.400   0.5914
  18.300   18.400    3.400    3.450   0.5737
  18.300   18.400    3.450    3.500   0.3700
  18.300   18.400    3.500    3.550   0.0795
  18.300   18.400    3.550    3.600   0.0102
  18.400   18.500    2.000    2.050   0.0000
  18.400   18.500    2.050    2.100   0.0000
  18.400   18.500    2.100    2.150   0.0047
  18.400   18.500    2.150    2.200   0.0104
  18.400   18.500    2.200    2.250   0.1495
  18.400   18.500    2.250    2.300   0.6562
  18.400   18.500    2.300    2.350   0.8411
  18.400   18.500    2.350    2.400   0.8901
  18.400   18.500    2.400    2.450   0.9086
  18.400   18.500    2.450    2.500   0.8817
  18.400   18.500    2.500    2.550   0.9005
  18.400   18.500    2.550    2.600   0.9257
  18.400   18.500    2.600    2.650   0.8687
  18.400   18.500    2.650    2.700   0.7350
  18.400   18.500    2.700    2.750   0.5981
  18.400   18.500    2.750    2.800   0.4787
  18.400   18.500    2.800    2.850   0.3717
  18.400   18.500    2.850    2.900   0.4121
  18.400   18.500    2.900    2.950   0.4712
  18.400   18.500    2.950    3.000   0.6096
  18.400   18.500    3.000    3.050   0.6748
  18.400   18.500    3.050    3.100   0.7339
  18.400   18.500    3.100    3.150   0.7656
  18.400   18.500    3.150    3.200   0.7733
  18.400   18.500    3.200    3.250   0.7882
  18.400   18.500    3.250    3.300   0.7629
  18.400   18.500    3.300    3.350   0.8071
  18.400   18.500    3.350    3.400   0.6618
  18.400   18.500    3.400    3.450   0.5829
  18.400   18.500    3.450    3.500   0.2961
  18.400   18.500    3.500    3.550   0.1126
  18.400   18.500    3.550    3.600   0.0147
  18.500   18.600    2.000    2.050   0.0107
  18.500   18.600    2.050    2.100   0.0000
  18.500   18.600    2.100    2.150   0.0000
  18.500   18.600    2.150    2.200   0.0155
  18.500   18.600    2.200    2.250   0.1422
  18.500   18.600    2.250    2.300   0.5751
  18.500   18.600    2.300    2.350   0.8000
  18.500   18.600    2.350    2.400   0.8808
  18.500   18.600    2.400    2.450   0.8889
  18.500   18.600    2.450    2.500   0.8967
  18.500   18.600    2.500    2.550   0.9109
  18.500   18.600    2.550    2.600   0.9016
  18.500   18.600    2.600    2.650   0.8906
  18.500   18.600    2.650    2.700   0.7347
  18.500   18.600    2.700    2.750   0.6809
  18.500   18.600    2.750    2.800   0.5105
  18.500   18.600    2.800    2.850   0.4516
  18.500   18.600    2.850    2.900   0.5105
  18.500   18.600    2.900    2.950   0.5434
  18.500   18.600    2.950    3.000   0.6281
  18.500   18.600    3.000    3.050   0.6828
  18.500   18.600    3.050    3.100   0.6131
  18.500   18.600    3.100    3.150   0.6946
  18.500   18.600    3.150    3.200   0.7805
  18.500   18.600    3.200    3.250   0.7937
  18.500   18.600    3.250    3.300   0.7353
  18.500   18.600    3.300    3.350   0.6904
  18.500   18.600    3.350    3.400   0.6582
  18.500   18.600    3.400    3.450   0.4759
  18.500   18.600    3.450    3.500   0.2956
  18.500   18.600    3.500    3.550   0.0963
  18.500   18.600    3.550    3.600   0.0219
  18.600   18.700    2.000    2.050   0.0000
  18.600   18.700    2.050    2.100   0.0000
  18.600   18.700    2.100    2.150   0.0000
  18.600   18.700    2.150    2.200   0.0051
  18.600   18.700    2.200    2.250   0.1422
  18.600   18.700    2.250    2.300   0.6000
  18.600   18.700    2.300    2.350   0.7900
  18.600   18.700    2.350    2.400   0.8341
  18.600   18.700    2.400    2.450   0.8404
  18.600   18.700    2.450    2.500   0.8821
  18.600   18.700    2.500    2.550   0.9000
  18.600   18.700    2.550    2.600   0.8913
  18.600   18.700    2.600    2.650   0.8125
  18.600   18.700    2.650    2.700   0.6718
  18.600   18.700    2.700    2.750   0.5258
  18.600   18.700    2.750    2.800   0.3720
  18.600   18.700    2.800    2.850   0.3737
  18.600   18.700    2.850    2.900   0.4158
  18.600   18.700    2.900    2.950   0.4410
  18.600   18.700    2.950    3.000   0.5497
  18.600   18.700    3.000    3.050   0.5852
  18.600   18.700    3.050    3.100   0.6410
  18.600   18.700    3.100    3.150   0.6943
  18.600   18.700    3.150    3.200   0.7160
  18.600   18.700    3.200    3.250   0.7962
  18.600   18.700    3.250    3.300   0.7320
  18.600   18.700    3.300    3.350   0.6650
  18.600   18.700    3.350    3.400   0.5556
  18.600   18.700    3.400    3.450   0.4279
  18.600   18.700    3.450    3.500   0.3158
  18.600   18.700    3.500    3.550   0.0761
  18.600   18.700    3.550    3.600   0.0098
  18.700   18.800    2.000    2.050   0.0000
  18.700   18.800    2.050    2.100   0.0000
  18.700   18.800    2.100    2.150   0.0000
  18.700   18.800    2.150    2.200   0.0052
  18.700   18.800    2.200    2.250   0.1087
  18.700   18.800    2.250    2.300   0.5412
  18.700   18.800    2.300    2.350   0.7826
  18.700   18.800    2.350    2.400   0.8135
  18.700   18.800    2.400    2.450   0.8763
  18.700   18.800    2.450    2.500   0.8944
  18.700   18.800    2.500    2.550   0.9005
  18.700   18.800    2.550    2.600   0.8400
  18.700   18.800    2.600    2.650   0.7228
  18.700   18.800    2.650    2.700   0.6383
  18.700   18.800    2.700    2.750   0.4611
  18.700   18.800    2.750    2.800   0.3575
  18.700   18.800    2.800    2.850   0.3016
  18.700   18.800    2.850    2.900   0.4043
  18.700   18.800    2.900    2.950   0.4372
  18.700   18.800    2.950    3.000   0.4862
  18.700   18.800    3.000    3.050   0.5147
  18.700   18.800    3.050    3.100   0.6228
  18.700   18.800    3.100    3.150   0.7273
  18.700   18.800    3.150    3.200   0.8232
  18.700   18.800    3.200    3.250   0.7765
  18.700   18.800    3.250    3.300   0.7107
  18.700   18.800    3.300    3.350   0.6845
  18.700   18.800    3.350    3.400   0.6244
  18.700   18.800    3.400    3.450   0.4974
  18.700   18.800    3.450    3.500   0.2809
  18.700   18.800    3.500    3.550   0.1016
  18.700   18.800    3.550    3.600   0.0388
  18.800   18.900    2.000    2.050   0.0000
  18.800   18.900    2.050    2.100   0.0000
  18.800   18.900    2.100    2.150   0.0000
  18.800   18.900    2.150    2.200   0.0000
  18.800   18.900    2.200    2.250   0.1596
  18.800   18.900    2.250    2.300   0.6230
  18.800   18.900    2.300    2.350   0.8272
  18.800   18.900    2.350    2.400   0.8276
  18.800   18.900    2.400    2.450   0.8794
  18.800   18.900    2.450    2.500   0.8966
  18.800   18.900    2.500    2.550   0.8872
  18.800   18.900    2.550    2.600   0.8578
  18.800   18.900    2.600    2.650   0.8311
  18.800   18.900    2.650    2.700   0.7571
  18.800   18.900    2.700    2.750   0.5403
  18.800   18.900    2.750    2.800   0.4140
  18.800   18.900    2.800    2.850   0.3095
  18.800   18.900    2.850    2.900   0.3514
  18.800   18.900    2.900    2.950   0.5258
  18.800   18.900    2.950    3.000   0.5153
  18.800   18.900    3.000    3.050   0.5642
  18.800   18.900    3.050    3.100   0.7048
  18.800   18.900    3.100    3.150   0.8041
  18.800   18.900    3.150    3.200   0.8063
  18.800   18.900    3.200    3.250   0.7659
  18.800   18.900    3.250    3.300   0.7921
  18.800   18.900    3.300    3.350   0.6948
  18.800   18.900    3.350    3.400   0.6158
  18.800   18.900    3.400    3.450   0.4929
  18.800   18.900    3.450    3.500   0.3255
  18.800   18.900    3.500    3.550   0.1215
  18.800   18.900    3.550    3.600   0.0100
  18.900   19.000    2.000    2.050   0.0000
  18.900   19.000    2.050    2.100   0.0000
  18.900   19.000    2.100    2.150   0.0048
  18.900   19.000    2.150    2.200   0.0000
  18.900   19.000    2.200    2.250   0.1505
  18.900   19.000    2.250    2.300   0.6020
  18.900   19.000    2.300    2.350   0.8343
  18.900   19.000    2.350    2.400   0.9037
  18.900   19.000    2.400    2.450   0.8811
  18.900   19.000    2.450    2.500   0.8945
  18.900   19.000    2.500    2.550   0.8736
  18.900   19.000    2.550    2.600   0.8972
  18.900   19.000    2.600    2.650   0.8549
  18.900   19.000    2.650    2.700   0.6636
  18.900   19.000    2.700    2.750   0.4975
  18.900   19.000    2.750    2.800   0.3786
  18.900   19.000    2.800    2.850   0.3518
  18.900   19.000    2.850    2.900   0.4279
  18.900   19.000    2.900    2.950   0.4800
  18.900   19.000    2.950    3.000   0.4879
  18.900   19.000    3.000    3.050   0.5956
  18.900   19.000    3.050    3.100   0.6848
  18.900   19.000    3.100    3.150   0.6882
  18.900   19.000    3.150    3.200   0.7919
  18.900   19.000    3.200    3.250   0.7306
  18.900   19.000    3.250    3.300   0.7450
  18.900   19.000    3.300    3.350   0.6557
  18.900   19.000    3.350    3.400   0.6073
  18.900   19.000    3.400    3.450   0.4674
  18.900   19.000    3.450    3.500   0.2898
  18.900   19.000    3.500    3.550   0.1466
  18.900   19.000    3.550    3.600   0.0250
  19.000   19.100    2.000    2.050   0.0000
  19.000   19.100    2.050    2.100   0.0050
  19.000   19.100    2.100    2.150   0.0000
  19.000   19.100    2.150    2.200   0.0204
  19.000   19.100    2.200    2.250   0.2085
  19.000   19.100    2.250    2.300   0.6432
  19.000   19.100    2.300    2.350   0.7706
  19.000   19.100    2.350    2.400   0.8557
  19.000   19.100    2.400    2.450   0.8660
  19.000   19.100    2.450    2.500   0.9015
  19.000   19.100    2.500    2.550   0.9176
  19.000   19.100    2.550    2.600   0.8871
  19.000   19.100    2.600    2.650   0.8731
  19.000   19.100    2.650    2.700   0.6326
  19.000   19.100    2.700    2.750   0.5181
  19.000   19.100    2.750    2.800   0.4444
  19.000   19.100    2.800    2.850   0.3542
  19.000   19.100    2.850    2.900   0.3970
  19.000   19.100    2.900    2.950   0.3982
  19.000   19.100    2.950    3.000   0.6364
  19.000   19.100    3.000    3.050   0.5729
  19.000   19.100    3.050    3.100   0.6652
  19.000   19.100    3.100    3.150   0.7150
  19.000   19.100    3.150    3.200   0.7778
  19.000   19.100    3.200    3.250   0.7864
  19.000   19.100    3.250    3.300   0.7264
  19.000   19.100    3.300    3.350   0.6762
  19.000   19.100    3.350    3.400   0.6390
  19.000   19.100    3.400    3.450   0.5182
  19.000   19.100    3.450    3.500   0.2895
  19.000   19.100    3.500    3.550   0.1152
  19.000   19.100    3.550    3.600   0.0348
  19.100   19.200    2.000    2.050   0.0000
  19.100   19.200    2.050    2.100   0.0110
  19.100   19.200    2.100    2.150   0.0095
  19.100   19.200    2.150    2.200   0.0345
  19.100   19.200    2.200    2.250   0.1179
  19.100   19.200    2.250    2.300   0.6018
  19.100   19.200    2.300    2.350   0.8073
  19.100   19.200    2.350    2.400   0.8450
  19.100   19.200    2.400    2.450   0.8901
  19.100   19.200    2.450    2.500   0.8723
  19.100   19.200    2.500    2.550   0.9078
  19.100   19.200    2.550    2.600   0.9167
  19.100   19.200    2.600    2.650   0.8657
  19.100   19.200    2.650    2.700   0.7789
  19.100   19.200    2.700    2.750   0.4974
  19.100   19.200    2.750    2.800   0.4011
  19.100   19.200    2.800    2.850   0.3081
  19.100   19.200    2.850    2.900   0.3578
  19.100   19.200    2.900    2.950   0.4677
  19.100   19.200    2.950    3.000   0.5374
  19.100   19.200    3.000    3.050   0.5708
  19.100   19.200    3.050    3.100   0.6526
  19.100   19.200    3.100    3.150   0.7354
  19.100   19.200    3.150    3.200   0.7868
  19.100   19.200    3.200    3.250   0.7739
  19.100   19.200    3.250    3.300   0.6875
  19.100   19.200    3.300    3.350   0.7081
  19.100   19.200    3.350    3.400   0.6059
  19.100   19.200    3.400    3.450   0.6122
  19.100   19.200    3.450    3.500   0.3767
  19.100   19.200    3.500    3.550   0.1313
  19.100   19.200    3.550    3.600   0.0152
  19.200   19.300    2.000    2.050   0.0000
  19.200   19.300    2.050    2.100   0.0049
  19.200   19.300    2.100    2.150   0.0061
  19.200   19.300    2.150    2.200   0.0052
  19.200   19.300    2.200    2.250   0.1465
  19.200   19.300    2.250    2.300   0.5632
  19.200   19.300    2.300    2.350   0.7723
  19.200   19.300    2.350    2.400   0.8601
  19.200   19.300    2.400    2.450   0.8009
  19.200   19.300    2.450    2.500   0.8476
  19.200   19.300    2.500    2.550   0.9130
  19.200   19.300    2.550    2.600   0.9026
  19.200   19.300    2.600    2.650   0.8684
  19.200   19.300    2.650    2.700   0.7368
  19.200   19.300    2.700    2.750   0.5094
  19.200   19.300    2.750    2.800   0.4278
  19.200   19.300    2.800    2.850   0.2938
  19.200   19.300    2.850    2.900   0.3568
  19.200   19.300    2.900    2.950   0.4604
  19.200   19.300    2.950    3.000   0.4624
  19.200   19.300    3.000    3.050   0.5990
  19.200   19.300    3.050    3.100   0.6580
  19.200   19.300    3.100    3.150   0.7500
  19.200   19.300    3.150    3.200   0.7293
  19.200   19.300    3.200    3.250   0.7612
  19.200   19.300    3.250    3.300   0.7602
  19.200   19.300    3.300    3.350   0.6629
  19.200   19.300    3.350    3.400   0.5680
  19.200   19.300    3.400    3.450   0.5789
  19.200   19.300    3.450    3.500   0.2981
  19.200   19.300    3.500    3.550   0.1170
  19.200   19.300    3.550    3.600   0.0319
  19.300   19.400    2.000    2.050   0.0064
  19.300   19.400    2.050    2.100   0.0000
  19.300   19.400    2.100    2.150   0.0059
  19.300   19.400    2.150    2.200   0.0265
  19.300   19.400    2.200    2.250   0.1970
  19.300   19.400    2.250    2.300   0.5750
  19.300   19.400    2.300    2.350   0.7602
  19.300   19.400    2.350    2.400   0.8224
  19.300   19.400    2.400    2.450   0.8592
  19.300   19.400    2.450    2.500   0.9192
  19.300   19.400    2.500    2.550   0.9015
  19.300   19.400    2.550    2.600   0.8565
  19.300   19.400    2.600    2.650   0.8167
  19.300   19.400    2.650    2.700   0.6634
  19.300   19.400    2.700    2.750   0.5172
  19.300   19.400    2.750    2.800   0.4162
  19.300   19.400    2.800    2.850   0.3883
  19.300   19.400    2.850    2.900   0.3825
  19.300   19.400    2.900    2.950   0.4472
  19.300   19.400    2.950    3.000   0.5333
  19.300   19.400    3.000    3.050   0.6612
  19.300   19.400    3.050    3.100   0.6103
  19.300   19.400    3.100    3.150   0.7047
  19.300   19.400    3.150    3.200   0.7182
  19.300   19.400    3.200    3.250   0.7143
  19.300   19.400    3.250    3.300   0.6782
  19.300   19.400    3.300    3.350   0.6751
  19.300   19.400    3.350    3.400   0.6209
  19.300   19.400    3.400    3.450   0.4919
  19.300   19.400    3.450    3.500   0.3020
  19.300   19.400    3.500    3.550   0.1071
  19.300   19.400    3.550    3.600   0.0101
  19.400   19.500    2.000    2.050   0.0000
  19.400   19.500    2.050    2.100   0.0057
  19.400   19.500    2.100    2.150   0.0058
  19.400   19.500    2.150    2.200   0.0348
  19.400   19.500    2.200    2.250   0.1739
  19.400   19.500    2.250    2.300   0.5862
  19.400   19.500    2.300    2.350   0.7346
  19.400   19.500    2.350    2.400   0.7552
  19.400   19.500    2.400    2.450   0.8386
  19.400   19.500    2.450    2.500   0.8840
  19.400   19.500    2.500    2.550   0.8689
  19.400   19.500    2.550    2.600   0.8517
  19.400   19.500    2.600    2.650   0.7962
  19.400   19.500    2.650    2.700   0.6000
  19.400   19.500    2.700    2.750   0.5463
  19.400   19.500    2.750    2.800   0.4112
  19.400   19.500    2.800    2.850   0.3526
  19.400   19.500    2.850    2.900   0.3590
  19.400   19.500    2.900    2.950   0.4892
  19.400   19.500    2.950    3.000   0.3991
  19.400   19.500    3.000    3.050   0.5047
  19.400   19.500    3.050    3.100   0.5673
  19.400   19.500    3.100    3.150   0.6224
  19.400   19.500    3.150    3.200   0.7282
  19.400   19.500    3.200    3.250   0.6806
  19.400   19.500    3.250    3.300   0.6440
  19.400   19.500    3.300    3.350   0.5822
  19.400   19.500    3.350    3.400   0.5492
  19.400   19.500    3.400    3.450   0.3941
  19.400   19.500    3.450    3.500   0.2092
  19.400   19.500    3.500    3.550   0.0806
  19.400   19.500    3.550    3.600   0.0048
  19.500   19.600    2.000    2.050   0.0000
  19.500   19.600    2.050    2.100   0.0064
  19.500   19.600    2.100    2.150   0.0054
  19.500   19.600    2.150    2.200   0.0220
  19.500   19.600    2.200    2.250   0.1910
  19.500   19.600    2.250    2.300   0.5301
  19.500   19.600    2.300    2.350   0.7647
  19.500   19.600    2.350    2.400   0.7835
  19.500   19.600    2.400    2.450   0.8308
  19.500   19.600    2.450    2.500   0.7746
  19.500   19.600    2.500    2.550   0.8261
  19.500   19.600    2.550    2.600   0.7941
  19.500   19.600    2.600    2.650   0.7081
  19.500   19.600    2.650    2.700   0.5628
  19.500   19.600    2.700    2.750   0.4680
  19.500   19.600    2.750    2.800   0.3791
  19.500   19.600    2.800    2.850   0.3467
  19.500   19.600    2.850    2.900   0.2961
  19.500   19.600    2.900    2.950   0.4429
  19.500   19.600    2.950    3.000   0.4624
  19.500   19.600    3.000    3.050   0.5600
  19.500   19.600    3.050    3.100   0.6476
  19.500   19.600    3.100    3.150   0.6570
  19.500   19.600    3.150    3.200   0.6869
  19.500   19.600    3.200    3.250   0.6452
  19.500   19.600    3.250    3.300   0.6393
  19.500   19.600    3.300    3.350   0.6574
  19.500   19.600    3.350    3.400   0.5300
  19.500   19.600    3.400    3.450   0.4010
  19.500   19.600    3.450    3.500   0.2365
  19.500   19.600    3.500    3.550   0.1071
  19.500   19.600    3.550    3.600   0.0188
  19.600   19.700    2.000    2.050   0.0000
  19.600   19.700    2.050    2.100   0.0000
  19.600   19.700    2.100    2.150   0.0055
  19.600   19.700    2.150    2.200   0.0362
  19.600   19.700    2.200    2.250   0.1850
  19.600   19.700    2.250    2.300   0.5306
  19.600   19.700    2.300    2.350   0.6859
  19.600   19.700    2.350    2.400   0.7667
  19.600   19.700    2.400    2.450   0.7907
  19.600   19.700    2.450    2.500   0.8247
  19.600   19.700    2.500    2.550   0.8065
  19.600   19.700    2.550    2.600   0.8564
  19.600   19.700    2.600    2.650   0.7317
  19.600   19.700    2.650    2.700   0.5833
  19.600   19.700    2.700    2.750   0.4563
  19.600   19.700    2.750    2.800   0.3010
  19.600   19.700    2.800    2.850   0.3443
  19.600   19.700    2.850    2.900   0.2745
  19.600   19.700    2.900    2.950   0.3659
  19.600   19.700    2.950    3.000   0.5025
  19.600   19.700    3.000    3.050   0.5500
  19.600   19.700    3.050    3.100   0.5862
  19.600   19.700    3.100    3.150   0.6508
  19.600   19.700    3.150    3.200   0.7028
  19.600   19.700    3.200    3.250   0.7056
  19.600   19.700    3.250    3.300   0.6768
  19.600   19.700    3.300    3.350   0.6124
  19.600   19.700    3.350    3.400   0.4977
  19.600   19.700    3.400    3.450   0.4202
  19.600   19.700    3.450    3.500   0.2300
  19.600   19.700    3.500    3.550   0.0923
  19.600   19.700    3.550    3.600   0.0105
  19.700   19.800    2.000    2.050   0.0000
  19.700   19.800    2.050    2.100   0.0060
  19.700   19.800    2.100    2.150   0.0000
  19.700   19.800    2.150    2.200   0.0126
  19.700   19.800    2.200    2.250   0.2485
  19.700   19.800    2.250    2.300   0.5275
  19.700   19.800    2.300    2.350   0.6746
  19.700   19.800    2.350    2.400   0.7839
  19.700   19.800    2.400    2.450   0.7861
  19.700   19.800    2.450    2.500   0.8272
  19.700   19.800    2.500    2.550   0.8167
  19.700   19.800    2.550    2.600   0.8191
  19.700   19.800    2.600    2.650   0.6406
  19.700   19.800    2.650    2.700   0.5888
  19.700   19.800    2.700    2.750   0.4674
  19.700   19.800    2.750    2.800   0.3056
  19.700   19.800    2.800    2.850   0.2759
  19.700   19.800    2.850    2.900   0.2873
  19.700   19.800    2.900    2.950   0.3738
  19.700   19.800    2.950    3.000   0.3944
  19.700   19.800    3.000    3.050   0.4920
  19.700   19.800    3.050    3.100   0.5707
  19.700   19.800    3.100    3.150   0.5690
  19.700   19.800    3.150    3.200   0.6383
  19.700   19.800    3.200    3.250   0.7085
  19.700   19.800    3.250    3.300   0.6359
  19.700   19.800    3.300    3.350   0.5721
  19.700   19.800    3.350    3.400   0.4521
  19.700   19.800    3.400    3.450   0.3277
  19.700   19.800    3.450    3.500   0.2447
  19.700   19.800    3.500    3.550   0.0891
  19.700   19.800    3.550    3.600   0.0216
  19.800   19.900    2.000    2.050   0.0000
  19.800   19.900    2.050    2.100   0.0064
  19.800   19.900    2.100    2.150   0.0068
  19.800   19.900    2.150    2.200   0.0359
  19.800   19.900    2.200    2.250   0.1812
  19.800   19.900    2.250    2.300   0.4146
  19.800   19.900    2.300    2.350   0.6194
  19.800   19.900    2.350    2.400   0.6941
  19.800   19.900    2.400    2.450   0.8036
  19.800   19.900    2.450    2.500   0.7303
  19.800   19.900    2.500    2.550   0.7838
  19.800   19.900    2.550    2.600   0.8065
  19.800   19.900    2.600    2.650   0.6977
  19.800   19.900    2.650    2.700   0.6207
  19.800   19.900    2.700    2.750   0.4536
  19.800   19.900    2.750    2.800   0.3094
  19.800   19.900    2.800    2.850   0.2180
  19.800   19.900    2.850    2.900   0.2843
  19.800   19.900    2.900    2.950   0.3000
  19.800   19.900    2.950    3.000   0.4416
  19.800   19.900    3.000    3.050   0.5118
  19.800   19.900    3.050    3.100   0.4699
  19.800   19.900    3.100    3.150   0.6124
  19.800   19.900    3.150    3.200   0.6305
  19.800   19.900    3.200    3.250   0.6650
  19.800   19.900    3.250    3.300   0.6198
  19.800   19.900    3.300    3.350   0.6615
  19.800   19.900    3.350    3.400   0.5401
  19.800   19.900    3.400    3.450   0.4018
  19.800   19.900    3.450    3.500   0.2794
  19.800   19.900    3.500    3.550   0.0754
  19.800   19.900    3.550    3.600   0.0142
  19.900   20.000    2.000    2.050   0.0108
  19.900   20.000    2.050    2.100   0.0000
  19.900   20.000    2.100    2.150   0.0116
  19.900   20.000    2.150    2.200   0.0345
  19.900   20.000    2.200    2.250   0.2215
  19.900   20.000    2.250    2.300   0.4634
  19.900   20.000    2.300    2.350   0.6386
  19.900   20.000    2.350    2.400   0.7152
  19.900   20.000    2.400    2.450   0.6545
  19.900   20.000    2.450    2.500   0.7456
  19.900   20.000    2.500    2.550   0.7811
  19.900   20.000    2.550    2.600   0.7273
  19.900   20.000    2.600    2.650   0.5761
  19.900   20.000    2.650    2.700   0.5542
  19.900   20.000    2.700    2.750   0.4041
  19.900   20.000    2.750    2.800   0.3053
  19.900   20.000    2.800    2.850   0.2197
  19.900   20.000    2.850    2.900   0.2320
  19.900   20.000    2.900    2.950   0.3608
  19.900   20.000    2.950    3.000   0.4292
  19.900   20.000    3.000    3.050   0.4221
  19.900   20.000    3.050    3.100   0.4638
  19.900   20.000    3.100    3.150   0.6100
  19.900   20.000    3.150    3.200   0.6042
  19.900   20.000    3.200    3.250   0.6480
  19.900   20.000    3.250    3.300   0.7123
  19.900   20.000    3.300    3.350   0.6145
  19.900   20.000    3.350    3.400   0.4348
  19.900   20.000    3.400    3.450   0.3551
  19.900   20.000    3.450    3.500   0.2818
  19.900   20.000    3.500    3.550   0.0532
  19.900   20.000    3.550    3.600   0.0208
  20.000   20.100    2.000    2.050   0.0000
  20.000   20.100    2.050    2.100   0.0000
  20.000   20.100    2.100    2.150   0.0066
  20.000   20.100    2.150    2.200   0.0347
  20.000   20.100    2.200    2.250   0.2023
  20.000   20.100    2.250    2.300   0.4631
  20.000   20.100    2.300    2.350   0.6438
  20.000   20.100    2.350    2.400   0.7000
  20.000   20.100    2.400    2.450   0.7244
  20.000   20.100    2.450    2.500   0.6500
  20.000   20.100    2.500    2.550   0.6709
  20.000   20.100    2.550    2.600   0.7012
  20.000   20.100    2.600    2.650   0.5878
  20.000   20.100    2.650    2.700   0.4854
  20.000   20.100    2.700    2.750   0.3352
  20.000   20.100    2.750    2.800   0.2685
  20.000   20.100    2.800    2.850   0.1979
  20.000   20.100    2.850    2.900   0.1968
  20.000   20.100    2.900    2.950   0.2500
  20.000   20.100    2.950    3.000   0.3158
  20.000   20.100    3.000    3.050   0.4573
  20.000   20.100    3.050    3.100   0.4306
  20.000   20.100    3.100    3.150   0.5515
  20.000   20.100    3.150    3.200   0.6256
  20.000   20.100    3.200    3.250   0.6096
  20.000   20.100    3.250    3.300   0.5870
  20.000   20.100    3.300    3.350   0.5622
  20.000   20.100    3.350    3.400   0.4279
  20.000   20.100    3.400    3.450   0.3886
  20.000   20.100    3.450    3.500   0.1878
  20.000   20.100    3.500    3.550   0.0810
  20.000   20.100    3.550    3.600   0.0234
  20.100   20.200    2.000    2.050   0.0059
  20.100   20.200    2.050    2.100   0.0112
  20.100   20.200    2.100    2.150   0.0058
  20.100   20.200    2.150    2.200   0.0455
  20.100   20.200    2.200    2.250   0.2276
  20.100   20.200    2.250    2.300   0.4065
  20.100   20.200    2.300    2.350   0.6013
  20.100   20.200    2.350    2.400   0.6821
  20.100   20.200    2.400    2.450   0.6550
  20.100   20.200    2.450    2.500   0.6386
  20.100   20.200    2.500    2.550   0.7006
  20.100   20.200    2.550    2.600   0.6250
  20.100   20.200    2.600    2.650   0.5818
  20.100   20.200    2.650    2.700   0.4218
  20.100   20.200    2.700    2.750   0.3452
  20.100   20.200    2.750    2.800   0.2500
  20.100   20.200    2.800    2.850   0.2130
  20.100   20.200    2.850    2.900   0.1908
  20.100   20.200    2.900    2.950   0.2471
  20.100   20.200    2.950    3.000   0.3147
  20.100   20.200    3.000    3.050   0.3678
  20.100   20.200    3.050    3.100   0.4353
  20.100   20.200    3.100    3.150   0.5026
  20.100   20.200    3.150    3.200   0.5882
  20.100   20.200    3.200    3.250   0.6520
  20.100   20.200    3.250    3.300   0.5672
  20.100   20.200    3.300    3.350   0.5366
  20.100   20.200    3.350    3.400   0.4343
  20.100   20.200    3.400    3.450   0.3964
  20.100   20.200    3.450    3.500   0.2255
  20.100   20.200    3.500    3.550   0.0725
  20.100   20.200    3.550    3.600   0.0111
  20.200   20.300    2.000    2.050   0.0052
  20.200   20.300    2.050    2.100   0.0056
  20.200   20.300    2.100    2.150   0.0049
  20.200   20.300    2.150    2.200   0.0529
  20.200   20.300    2.200    2.250   0.0948
  20.200   20.300    2.250    2.300   0.3642
  20.200   20.300    2.300    2.350   0.6065
  20.200   20.300    2.350    2.400   0.5855
  20.200   20.300    2.400    2.450   0.5455
  20.200   20.300    2.450    2.500   0.6370
  20.200   20.300    2.500    2.550   0.5966
  20.200   20.300    2.550    2.600   0.6541
  20.200   20.300    2.600    2.650   0.6171
  20.200   20.300    2.650    2.700   0.4350
  20.200   20.300    2.700    2.750   0.3158
  20.200   20.300    2.750    2.800   0.2353
  20.200   20.300    2.800    2.850   0.1617
  20.200   20.300    2.850    2.900   0.1549
  20.200   20.300    2.900    2.950   0.2651
  20.200   20.300    2.950    3.000   0.3413
  20.200   20.300    3.000    3.050   0.3757
  20.200   20.300    3.050    3.100   0.4233
  20.200   20.300    3.100    3.150   0.4891
  20.200   20.300    3.150    3.200   0.5625
  20.200   20.300    3.200    3.250   0.6041
  20.200   20.300    3.250    3.300   0.5404
  20.200   20.300    3.300    3.350   0.5170
  20.200   20.300    3.350    3.400   0.4833
  20.200   20.300    3.400    3.450   0.3000
  20.200   20.300    3.450    3.500   0.1777
  20.200   20.300    3.500    3.550   0.0792
  20.200   20.300    3.550    3.600   0.0047
  20.300   20.400    2.000    2.050   0.0000
  20.300   20.400    2.050    2.100   0.0055
  20.300   20.400    2.100    2.150   0.0049
  20.300   20.400    2.150    2.200   0.0479
  20.300   20.400    2.200    2.250   0.1093
  20.300   20.400    2.250    2.300   0.3258
  20.300   20.400    2.300    2.350   0.4840
  20.300   20.400    2.350    2.400   0.5665
  20.300   20.400    2.400    2.450   0.5786
  20.300   20.400    2.450    2.500   0.5370
  20.300   20.400    2.500    2.550   0.5957
  20.300   20.400    2.550    2.600   0.5771
  20.300   20.400    2.600    2.650   0.4713
  20.300   20.400    2.650    2.700   0.4235
  20.300   20.400    2.700    2.750   0.2800
  20.300   20.400    2.750    2.800   0.2267
  20.300   20.400    2.800    2.850   0.2222
  20.300   20.400    2.850    2.900   0.1569
  20.300   20.400    2.900    2.950   0.2699
  20.300   20.400    2.950    3.000   0.3139
  20.300   20.400    3.000    3.050   0.3701
  20.300   20.400    3.050    3.100   0.4830
  20.300   20.400    3.100    3.150   0.4598
  20.300   20.400    3.150    3.200   0.5906
  20.300   20.400    3.200    3.250   0.6117
  20.300   20.400    3.250    3.300   0.5882
  20.300   20.400    3.300    3.350   0.4619
  20.300   20.400    3.350    3.400   0.3892
  20.300   20.400    3.400    3.450   0.3249
  20.300   20.400    3.450    3.500   0.1534
  20.300   20.400    3.500    3.550   0.0881
  20.300   20.400    3.550    3.600   0.0211
  20.400   20.500    2.000    2.050   0.0047
  20.400   20.500    2.050    2.100   0.0107
  20.400   20.500    2.100    2.150   0.0000
  20.400   20.500    2.150    2.200   0.0376
  20.400   20.500    2.200    2.250   0.1344
  20.400   20.500    2.250    2.300   0.3632
  20.400   20.500    2.300    2.350   0.4121
  20.400   20.500    2.350    2.400   0.4444
  20.400   20.500    2.400    2.450   0.5528
  20.400   20.500    2.450    2.500   0.5361
  20.400   20.500    2.500    2.550   0.5267
  20.400   20.500    2.550    2.600   0.5427
  20.400   20.500    2.600    2.650   0.4702
  20.400   20.500    2.650    2.700   0.4366
  20.400   20.500    2.700    2.750   0.2727
  20.400   20.500    2.750    2.800   0.2454
  20.400   20.500    2.800    2.850   0.2143
  20.400   20.500    2.850    2.900   0.2249
  20.400   20.500    2.900    2.950   0.1988
  20.400   20.500    2.950    3.000   0.2770
  20.400   20.500    3.000    3.050   0.3567
  20.400   20.500    3.050    3.100   0.4581
  20.400   20.500    3.100    3.150   0.4785
  20.400   20.500    3.150    3.200   0.5549
  20.400   20.500    3.200    3.250   0.5460
  20.400   20.500    3.250    3.300   0.5533
  20.400   20.500    3.300    3.350   0.4655
  20.400   20.500    3.350    3.400   0.3626
  20.400   20.500    3.400    3.450   0.3709
  20.400   20.500    3.450    3.500   0.1802
  20.400   20.500    3.500    3.550   0.0602
  20.400   20.500    3.550    3.600   0.0387
  20.500   20.600    2.000    2.050   0.0100
  20.500   20.600    2.050    2.100   0.0000
  20.500   20.600    2.100    2.150   0.0051
  20.500   20.600    2.150    2.200   0.0435
  20.500   20.600    2.200    2.250   0.1080
  20.500   20.600    2.250    2.300   0.3077
  20.500   20.600    2.300    2.350   0.4124
  20.500   20.600    2.350    2.400   0.4415
  20.500   20.600    2.400    2.450   0.5000
  20.500   20.600    2.450    2.500   0.4633
  20.500   20.600    2.500    2.550   0.4706
  20.500   20.600    2.550    2.600   0.5123
  20.500   20.600    2.600    2.650   0.4973
  20.500   20.600    2.650    2.700   0.4138
  20.500   20.600    2.700    2.750   0.3269
  20.500   20.600    2.750    2.800   0.1972
  20.500   20.600    2.800    2.850   0.1646
  20.500   20.600    2.850    2.900   0.1951
  20.500   20.600    2.900    2.950   0.2378
  20.500   20.600    2.950    3.000   0.1793
  20.500   20.600    3.000    3.050   0.3095
  20.500   20.600    3.050    3.100   0.3462
  20.500   20.600    3.100    3.150   0.4813
  20.500   20.600    3.150    3.200   0.5148
  20.500   20.600    3.200    3.250   0.4604
  20.500   20.600    3.250    3.300   0.4588
  20.500   20.600    3.300    3.350   0.5000
  20.500   20.600    3.350    3.400   0.3072
  20.500   20.600    3.400    3.450   0.2135
  20.500   20.600    3.450    3.500   0.1203
  20.500   20.600    3.500    3.550   0.0242
  20.500   20.600    3.550    3.600   0.0172
  20.600   20.700    2.000    2.050   0.0093
  20.600   20.700    2.050    2.100   0.0000
  20.600   20.700    2.100    2.150   0.0000
  20.600   20.700    2.150    2.200   0.0217
  20.600   20.700    2.200    2.250   0.1463
  20.600   20.700    2.250    2.300   0.2376
  20.600   20.700    2.300    2.350   0.3115
  20.600   20.700    2.350    2.400   0.3915
  20.600   20.700    2.400    2.450   0.4105
  20.600   20.700    2.450    2.500   0.4103
  20.600   20.700    2.500    2.550   0.4551
  20.600   20.700    2.550    2.600   0.3855
  20.600   20.700    2.600    2.650   0.3967
  20.600   20.700    2.650    2.700   0.3333
  20.600   20.700    2.700    2.750   0.2680
  20.600   20.700    2.750    2.800   0.1974
  20.600   20.700    2.800    2.850   0.2222
  20.600   20.700    2.850    2.900   0.1739
  20.600   20.700    2.900    2.950   0.2483
  20.600   20.700    2.950    3.000   0.2545
  20.600   20.700    3.000    3.050   0.3203
  20.600   20.700    3.050    3.100   0.3947
  20.600   20.700    3.100    3.150   0.4429
  20.600   20.700    3.150    3.200   0.4904
  20.600   20.700    3.200    3.250   0.4262
  20.600   20.700    3.250    3.300   0.4621
  20.600   20.700    3.300    3.350   0.3893
  20.600   20.700    3.350    3.400   0.2778
  20.600   20.700    3.400    3.450   0.1748
  20.600   20.700    3.450    3.500   0.0932
  20.600   20.700    3.500    3.550   0.0563
  20.600   20.700    3.550    3.600   0.0123
  20.700   20.800    2.000    2.050   0.0000
  20.700   20.800    2.050    2.100   0.0107
  20.700   20.800    2.100    2.150   0.0101
  20.700   20.800    2.150    2.200   0.0170
  20.700   20.800    2.200    2.250   0.1057
  20.700   20.800    2.250    2.300   0.2714
  20.700   20.800    2.300    2.350   0.3155
  20.700   20.800    2.350    2.400   0.3402
  20.700   20.800    2.400    2.450   0.3797
  20.700   20.800    2.450    2.500   0.4078
  20.700   20.800    2.500    2.550   0.3750
  20.700   20.800    2.550    2.600   0.3975
  20.700   20.800    2.600    2.650   0.3488
  20.700   20.800    2.650    2.700   0.3081
  20.700   20.800    2.700    2.750   0.2333
  20.700   20.800    2.750    2.800   0.2061
  20.700   20.800    2.800    2.850   0.1898
  20.700   20.800    2.850    2.900   0.1739
  20.700   20.800    2.900    2.950   0.2687
  20.700   20.800    2.950    3.000   0.2288
  20.700   20.800    3.000    3.050   0.3025
  20.700   20.800    3.050    3.100   0.3780
  20.700   20.800    3.100    3.150   0.4798
  20.700   20.800    3.150    3.200   0.3836
  20.700   20.800    3.200    3.250   0.4837
  20.700   20.800    3.250    3.300   0.4539
  20.700   20.800    3.300    3.350   0.3711
  20.700   20.800    3.350    3.400   0.3179
  20.700   20.800    3.400    3.450   0.1529
  20.700   20.800    3.450    3.500   0.0980
  20.700   20.800    3.500    3.550   0.0739
  20.700   20.800    3.550    3.600   0.0140
  20.800   20.900    2.000    2.050   0.0000
  20.800   20.900    2.050    2.100   0.0047
  20.800   20.900    2.100    2.150   0.0000
  20.800   20.900    2.150    2.200   0.0270
  20.800   20.900    2.200    2.250   0.1105
  20.800   20.900    2.250    2.300   0.1683
  20.800   20.900    2.300    2.350   0.2766
  20.800   20.900    2.350    2.400   0.3246
  20.800   20.900    2.400    2.450   0.3122
  20.800   20.900    2.450    2.500   0.3475
  20.800   20.900    2.500    2.550   0.3286
  20.800   20.900    2.550    2.600   0.3636
  20.800   20.900    2.600    2.650   0.3121
  20.800   20.900    2.650    2.700   0.2529
  20.800   20.900    2.700    2.750   0.2682
  20.800   20.900    2.750    2.800   0.1897
  20.800   20.900    2.800    2.850   0.1897
  20.800   20.900    2.850    2.900   0.1474
  20.800   20.900    2.900    2.950   0.1561
  20.800   20.900    2.950    3.000   0.2766
  20.800   20.900    3.000    3.050   0.2486
  20.800   20.900    3.050    3.100   0.3315
  20.800   20.900    3.100    3.150   0.3059
  20.800   20.900    3.150    3.200   0.3766
  20.800   20.900    3.200    3.250   0.4054
  20.800   20.900    3.250    3.300   0.4218
  20.800   20.900    3.300    3.350   0.2628
  20.800   20.900    3.350    3.400   0.2890
  20.800   20.900    3.400    3.450   0.1235
  20.800   20.900    3.450    3.500   0.0682
  20.800   20.900    3.500    3.550   0.0412
  20.800   20.900    3.550    3.600   0.0139
  20.900   21.000    2.000    2.050   0.0000
  20.900   21.000    2.050    2.100   0.0050
  20.900   21.000    2.100    2.150   0.0095
  20.900   21.000    2.150    2.200   0.0256
  20.900   21.000    2.200    2.250   0.0388
  20.900   21.000    2.250    2.300   0.2053
  20.900   21.000    2.300    2.350   0.2253
  20.900   21.000    2.350    2.400   0.2794
  20.900   21.000    2.400    2.450   0.2698
  20.900   21.000    2.450    2.500   0.2653
  20.900   21.000    2.500    2.550   0.2808
  20.900   21.000    2.550    2.600   0.3220
  20.900   21.000    2.600    2.650   0.2926
  20.900   21.000    2.650    2.700   0.2113
  20.900   21.000    2.700    2.750   0.2596
  20.900   21.000    2.750    2.800   0.1990
  20.900   21.000    2.800    2.850   0.2292
  20.900   21.000    2.850    2.900   0.1885
  20.900   21.000    2.900    2.950   0.2360
  20.900   21.000    2.950    3.000   0.1429
  20.900   21.000    3.000    3.050   0.2102
  20.900   21.000    3.050    3.100   0.2599
  20.900   21.000    3.100    3.150   0.2573
  20.900   21.000    3.150    3.200   0.3511
  20.900   21.000    3.200    3.250   0.3432
  20.900   21.000    3.250    3.300   0.3430
  20.900   21.000    3.300    3.350   0.2905
  20.900   21.000    3.350    3.400   0.1986
  20.900   21.000    3.400    3.450   0.1050
  20.900   21.000    3.450    3.500   0.0714
  20.900   21.000    3.500    3.550   0.0000
  20.900   21.000    3.550    3.600   0.0158
  21.000   21.100    2.000    2.050   0.0000
  21.000   21.100    2.050    2.100   0.0046
  21.000   21.100    2.100    2.150   0.0000
  21.000   21.100    2.150    2.200   0.0341
  21.000   21.100    2.200    2.250   0.0683
  21.000   21.100    2.250    2.300   0.1828
  21.000   21.100    2.300    2.350   0.2737
  21.000   21.100    2.350    2.400   0.3099
  21.000   21.100    2.400    2.450   0.2546
  21.000   21.100    2.450    2.500   0.2703
  21.000   21.100    2.500    2.550   0.2426
  21.000   21.100    2.550    2.600   0.2240
  21.000   21.100    2.600    2.650   0.2593
  21.000   21.100    2.650    2.700   0.2865
  21.000   21.100    2.700    2.750   0.1649
  21.000   21.100    2.750    2.800   0.1716
  21.000   21.100    2.800    2.850   0.1220
  21.000   21.100    2.850    2.900   0.1373
  21.000   21.100    2.900    2.950   0.1828
  21.000   21.100    2.950    3.000   0.1587
  21.000   21.100    3.000    3.050   0.1744
  21.000   21.100    3.050    3.100   0.2185
  21.000   21.100    3.100    3.150   0.1561
  21.000   21.100    3.150    3.200   0.2816
  21.000   21.100    3.200    3.250   0.2938
  21.000   21.100    3.250    3.300   0.3254
  21.000   21.100    3.300    3.350   0.2667
  21.000   21.100    3.350    3.400   0.1611
  21.000   21.100    3.400    3.450   0.0798
  21.000   21.100    3.450    3.500   0.0455
  21.000   21.100    3.500    3.550   0.0299
  21.000   21.100    3.550    3.600   0.0199
  21.100   21.200    2.000    2.050   0.0000
  21.100   21.200    2.050    2.100   0.0000
  21.100   21.200    2.100    2.150   0.0056
  21.100   21.200    2.150    2.200   0.0228
  21.100   21.200    2.200    2.250   0.0870
  21.100   21.200    2.250    2.300   0.1756
  21.100   21.200    2.300    2.350   0.1968
  21.100   21.200    2.350    2.400   0.2426
  21.100   21.200    2.400    2.450   0.1962
  21.100   21.200    2.450    2.500   0.2923
  21.100   21.200    2.500    2.550   0.2500
  21.100   21.200    2.550    2.600   0.2936
  21.100   21.200    2.600    2.650   0.2585
  21.100   21.200    2.650    2.700   0.1746
  21.100   21.200    2.700    2.750   0.1786
  21.100   21.200    2.750    2.800   0.1123
  21.100   21.200    2.800    2.850   0.1636
  21.100   21.200    2.850    2.900   0.1429
  21.100   21.200    2.900    2.950   0.0918
  21.100   21.200    2.950    3.000   0.1364
  21.100   21.200    3.000    3.050   0.1163
  21.100   21.200    3.050    3.100   0.1535
  21.100   21.200    3.100    3.150   0.1855
  21.100   21.200    3.150    3.200   0.2105
  21.100   21.200    3.200    3.250   0.2120
  21.100   21.200    3.250    3.300   0.2514
  21.100   21.200    3.300    3.350   0.1824
  21.100   21.200    3.350    3.400   0.0977
  21.100   21.200    3.400    3.450   0.0809
  21.100   21.200    3.450    3.500   0.0269
  21.100   21.200    3.500    3.550   0.0060
  21.100   21.200    3.550    3.600   0.0123
  21.200   21.300    2.000    2.050   0.0052
  21.200   21.300    2.050    2.100   0.0151
  21.200   21.300    2.100    2.150   0.0000
  21.200   21.300    2.150    2.200   0.0198
  21.200   21.300    2.200    2.250   0.0448
  21.200   21.300    2.250    2.300   0.1449
  21.200   21.300    2.300    2.350   0.2137
  21.200   21.300    2.350    2.400   0.2304
  21.200   21.300    2.400    2.450   0.1745
  21.200   21.300    2.450    2.500   0.2308
  21.200   21.300    2.500    2.550   0.2593
  21.200   21.300    2.550    2.600   0.2438
  21.200   21.300    2.600    2.650   0.2427
  21.200   21.300    2.650    2.700   0.1843
  21.200   21.300    2.700    2.750   0.1566
  21.200   21.300    2.750    2.800   0.1613
  21.200   21.300    2.800    2.850   0.1818
  21.200   21.300    2.850    2.900   0.1064
  21.200   21.300    2.900    2.950   0.1275
  21.200   21.300    2.950    3.000   0.1507
  21.200   21.300    3.000    3.050   0.1514
  21.200   21.300    3.050    3.100   0.2051
  21.200   21.300    3.100    3.150   0.1466
  21.200   21.300    3.150    3.200   0.1850
  21.200   21.300    3.200    3.250   0.1959
  21.200   21.300    3.250    3.300   0.1796
  21.200   21.300    3.300    3.350   0.1122
  21.200   21.300    3.350    3.400   0.0804
  21.200   21.300    3.400    3.450   0.0223
  21.200   21.300    3.450    3.500   0.0063
  21.200   21.300    3.500    3.550   0.0113
  21.200   21.300    3.550    3.600   0.0065
  21.300   21.400    2.000    2.050   0.0094
  21.300   21.400    2.050    2.100   0.0045
  21.300   21.400    2.100    2.150   0.0000
  21.300   21.400    2.150    2.200   0.0049
  21.300   21.400    2.200    2.250   0.0516
  21.300   21.400    2.250    2.300   0.0938
  21.300   21.400    2.300    2.350   0.1549
  21.300   21.400    2.350    2.400   0.1710
  21.300   21.400    2.400    2.450   0.1872
  21.300   21.400    2.450    2.500   0.2021
  21.300   21.400    2.500    2.550   0.2103
  21.300   21.400    2.550    2.600   0.1682
  21.300   21.400    2.600    2.650   0.1682
  21.300   21.400    2.650    2.700   0.1843
  21.300   21.400    2.700    2.750   0.1019
  21.300   21.400    2.750    2.800   0.1038
  21.300   21.400    2.800    2.850   0.0936
  21.300   21.400    2.850    2.900   0.1490
  21.300   21.400    2.900    2.950   0.1256
  21.300   21.400    2.950    3.000   0.1493
  21.300   21.400    3.000    3.050   0.1279
  21.300   21.400    3.050    3.100   0.1429
  21.300   21.400    3.100    3.150   0.1206
  21.300   21.400    3.150    3.200   0.1716
  21.300   21.400    3.200    3.250   0.1218
  21.300   21.400    3.250    3.300   0.1782
  21.300   21.400    3.300    3.350   0.1070
  21.300   21.400    3.350    3.400   0.0561
  21.300   21.400    3.400    3.450   0.0408
  21.300   21.400    3.450    3.500   0.0149
  21.300   21.400    3.500    3.550   0.0169
  21.300   21.400    3.550    3.600   0.0000
  21.400   21.500    2.000    2.050   0.0053
  21.400   21.500    2.050    2.100   0.0000
  21.400   21.500    2.100    2.150   0.0000
  21.400   21.500    2.150    2.200   0.0271
  21.400   21.500    2.200    2.250   0.0573
  21.400   21.500    2.250    2.300   0.0899
  21.400   21.500    2.300    2.350   0.1302
  21.400   21.500    2.350    2.400   0.1379
  21.400   21.500    2.400    2.450   0.1795
  21.400   21.500    2.450    2.500   0.1981
  21.400   21.500    2.500    2.550   0.2010
  21.400   21.500    2.550    2.600   0.1844
  21.400   21.500    2.600    2.650   0.1298
  21.400   21.500    2.650    2.700   0.1396
  21.400   21.500    2.700    2.750   0.1058
  21.400   21.500    2.750    2.800   0.1307
  21.400   21.500    2.800    2.850   0.0607
  21.400   21.500    2.850    2.900   0.0725
  21.400   21.500    2.900    2.950   0.0933
  21.400   21.500    2.950    3.000   0.1106
  21.400   21.500    3.000    3.050   0.1376
  21.400   21.500    3.050    3.100   0.1421
  21.400   21.500    3.100    3.150   0.1073
  21.400   21.500    3.150    3.200   0.1359
  21.400   21.500    3.200    3.250   0.1262
  21.400   21.500    3.250    3.300   0.1055
  21.400   21.500    3.300    3.350   0.0837
  21.400   21.500    3.350    3.400   0.0340
  21.400   21.500    3.400    3.450   0.0287
  21.400   21.500    3.450    3.500   0.0050
  21.400   21.500    3.500    3.550   0.0151
  21.400   21.500    3.550    3.600   0.0000
  21.500   21.600    2.000    2.050   0.0048
  21.500   21.600    2.050    2.100   0.0044
  21.500   21.600    2.100    2.150   0.0056
  21.500   21.600    2.150    2.200   0.0186
  21.500   21.600    2.200    2.250   0.0748
  21.500   21.600    2.250    2.300   0.0651
  21.500   21.600    2.300    2.350   0.0957
  21.500   21.600    2.350    2.400   0.1384
  21.500   21.600    2.400    2.450   0.1814
  21.500   21.600    2.450    2.500   0.2133
  21.500   21.600    2.500    2.550   0.1775
  21.500   21.600    2.550    2.600   0.1295
  21.500   21.600    2.600    2.650   0.1508
  21.500   21.600    2.650    2.700   0.0769
  21.500   21.600    2.700    2.750   0.1268
  21.500   21.600    2.750    2.800   0.1542
  21.500   21.600    2.800    2.850   0.0758
  21.500   21.600    2.850    2.900   0.0657
  21.500   21.600    2.900    2.950   0.0819
  21.500   21.600    2.950    3.000   0.0913
  21.500   21.600    3.000    3.050   0.1010
  21.500   21.600    3.050    3.100   0.1057
  21.500   21.600    3.100    3.150   0.0628
  21.500   21.600    3.150    3.200   0.0817
  21.500   21.600    3.200    3.250   0.0625
  21.500   21.600    3.250    3.300   0.0485
  21.500   21.600    3.300    3.350   0.0385
  21.500   21.600    3.350    3.400   0.0286
  21.500   21.600    3.400    3.450   0.0097
  21.500   21.600    3.450    3.500   0.0000
  21.500   21.600    3.500    3.550   0.0000
  21.500   21.600    3.550    3.600   0.0000
  21.600   21.700    2.000    2.050   0.0056
  21.600   21.700    2.050    2.100   0.0101
  21.600   21.700    2.100    2.150   0.0096
  21.600   21.700    2.150    2.200   0.0099
  21.600   21.700    2.200    2.250   0.0243
  21.600   21.700    2.250    2.300   0.0446
  21.600   21.700    2.300    2.350   0.0718
  21.600   21.700    2.350    2.400   0.0853
  21.600   21.700    2.400    2.450   0.1182
  21.600   21.700    2.450    2.500   0.1429
  21.600   21.700    2.500    2.550   0.0950
  21.600   21.700    2.550    2.600   0.1053
  21.600   21.700    2.600    2.650   0.0733
  21.600   21.700    2.650    2.700   0.1182
  21.600   21.700    2.700    2.750   0.0829
  21.600   21.700    2.750    2.800   0.0776
  21.600   21.700    2.800    2.850   0.0762
  21.600   21.700    2.850    2.900   0.0374
  21.600   21.700    2.900    2.950   0.0567
  21.600   21.700    2.950    3.000   0.0601
  21.600   21.700    3.000    3.050   0.0599
  21.600   21.700    3.050    3.100   0.0512
  21.600   21.700    3.100    3.150   0.0547
  21.600   21.700    3.150    3.200   0.0563
  21.600   21.700    3.200    3.250   0.0651
  21.600   21.700    3.250    3.300   0.0645
  21.600   21.700    3.300    3.350   0.0423
  21.600   21.700    3.350    3.400   0.0000
  21.600   21.700    3.400    3.450   0.0100
  21.600   21.700    3.450    3.500   0.0000
  21.600   21.700    3.500    3.550   0.0000
  21.600   21.700    3.550    3.600   0.0000
  21.700   21.800    2.000    2.050   0.0061
  21.700   21.800    2.050    2.100   0.0000
  21.700   21.800    2.100    2.150   0.0000
  21.700   21.800    2.150    2.200   0.0200
  21.700   21.800    2.200    2.250   0.0197
  21.700   21.800    2.250    2.300   0.0472
  21.700   21.800    2.300    2.350   0.0946
  21.700   21.800    2.350    2.400   0.1089
  21.700   21.800    2.400    2.450   0.1139
  21.700   21.800    2.450    2.500   0.0734
  21.700   21.800    2.500    2.550   0.0728
  21.700   21.800    2.550    2.600   0.0802
  21.700   21.800    2.600    2.650   0.0814
  21.700   21.800    2.650    2.700   0.0849
  21.700   21.800    2.700    2.750   0.0644
  21.700   21.800    2.750    2.800   0.0591
  21.700   21.800    2.800    2.850   0.0495
  21.700   21.800    2.850    2.900   0.0312
  21.700   21.800    2.900    2.950   0.0493
  21.700   21.800    2.950    3.000   0.0250
  21.700   21.800    3.000    3.050   0.0578
  21.700   21.800    3.050    3.100   0.0429
  21.700   21.800    3.100    3.150   0.0664
  21.700   21.800    3.150    3.200   0.0146
  21.700   21.800    3.200    3.250   0.0237
  21.700   21.800    3.250    3.300   0.0238
  21.700   21.800    3.300    3.350   0.0230
  21.700   21.800    3.350    3.400   0.0139
  21.700   21.800    3.400    3.450   0.0138
  21.700   21.800    3.450    3.500   0.0046
  21.700   21.800    3.500    3.550   0.0000
  21.700   21.800    3.550    3.600   0.0046
  21.800   21.900    2.000    2.050   0.0000
  21.800   21.900    2.050    2.100   0.0000
  21.800   21.900    2.100    2.150   0.0000
  21.800   21.900    2.150    2.200   0.0108
  21.800   21.900    2.200    2.250   0.0195
  21.800   21.900    2.250    2.300   0.0253
  21.800   21.900    2.300    2.350   0.0314
  21.800   21.900    2.350    2.400   0.0833
  21.800   21.900    2.400    2.450   0.0829
  21.800   21.900    2.450    2.500   0.0708
  21.800   21.900    2.500    2.550   0.0465
  21.800   21.900    2.550    2.600   0.0558
  21.800   21.900    2.600    2.650   0.0672
  21.800   21.900    2.650    2.700   0.0553
  21.800   21.900    2.700    2.750   0.0365
  21.800   21.900    2.750    2.800   0.0502
  21.800   21.900    2.800    2.850   0.0615
  21.800   21.900    2.850    2.900   0.0274
  21.800   21.900    2.900    2.950   0.0269
  21.800   21.900    2.950    3.000   0.0446
  21.800   21.900    3.000    3.050   0.0173
  21.800   21.900    3.050    3.100   0.0201
  21.800   21.900    3.100    3.150   0.0148
  21.800   21.900    3.150    3.200   0.0293
  21.800   21.900    3.200    3.250   0.0179
  21.800   21.900    3.250    3.300   0.0132
  21.800   21.900    3.300    3.350   0.0047
  21.800   21.900    3.350    3.400   0.0047
  21.800   21.900    3.400    3.450   0.0000
  21.800   21.900    3.450    3.500   0.0000
  21.800   21.900    3.500    3.550   0.0000
  21.800   21.900    3.550    3.600   0.0000
