 39.959951 -11.221426 2.821169e-08 41.600000 1.340474e-04 
 40.088950 -11.543923 3.796891e-08 41.700000 1.379625e-04 
 40.217421 -11.865100 5.103859e-08 41.800000 1.334273e-04 
 40.345340 -12.184897 6.852005e-08 41.900000 1.251451e-04 
 40.472684 -12.503259 9.186758e-08 42.000000 1.161811e-04 
 40.599432 -12.820129 1.230015e-07 42.100000 1.076300e-04 
 40.725562 -13.135454 1.644525e-07 42.200000 9.969969e-05 
 40.851054 -13.449184 2.195494e-07 42.300000 9.237370e-05 
 40.975889 -13.761270 2.926623e-07 42.400000 8.560371e-05 
 41.100048 -14.071669 3.895171e-07 42.500000 7.934310e-05 
 41.223518 -14.380342 5.176016e-07 42.600000 7.354943e-05 
 41.346282 -14.687253 6.866889e-07 42.700000 6.818387e-05 
 41.468330 -14.992373 9.095108e-07 42.800000 6.321119e-05 
 41.589651 -15.295676 1.202622e-06 42.900000 5.859950e-05 
 41.710239 -15.597145 1.587512e-06 43.000000 5.432022e-05 
 41.830088 -15.896768 2.092020e-06 43.100000 5.034715e-05 
 41.949195 -16.194536 2.752157e-06 43.200000 4.665648e-05 
 42.067561 -16.490452 3.614426e-06 43.300000 4.322666e-05 
 42.185189 -16.784520 4.738782e-06 43.400000 4.003808e-05 
 42.302082 -17.076754 6.202408e-06 43.500000 3.707291e-05 
 42.418250 -17.367172 8.104525e-06 43.600000 3.431482e-05 
 42.533700 -17.655799 1.057251e-05 43.700000 3.174879e-05 
 42.648446 -17.942664 1.376970e-05 43.800000 2.936132e-05 
 42.762502 -18.227803 1.790523e-05 43.900000 2.713981e-05 
 42.875883 -18.511255 2.324666e-05 44.000000 2.507267e-05 
 42.988606 -18.793064 3.013590e-05 44.100000 2.314925e-05 
 43.100692 -19.073277 3.900943e-05 44.200000 2.135954e-05 
 43.212159 -19.351946 5.042399e-05 44.300000 1.969430e-05 
 43.323030 -19.629124 6.508910e-05 44.400000 1.868706e-05 
 43.433327 -19.904866 8.390833e-05 44.500000 1.782886e-05 
 43.543072 -20.179229 1.080315e-04 44.600000 1.698373e-05 
 43.652289 -20.452272 1.389209e-04 44.700000 1.615340e-05 
 43.761002 -20.724053 1.784349e-04 44.800000 1.533918e-05 
 43.869233 -20.994631 2.289344e-04 44.900000 1.454201e-05 
 43.977007 -21.264065 2.934166e-04 45.000000 1.376236e-05 
 44.084346 -21.532413 3.756851e-04 45.100000 1.300018e-05 
 44.191274 -21.799733 4.805646e-04 45.200000 1.225490e-05 
 44.297813 -22.066080 6.141728e-04 45.300000 1.152532e-05 
 44.403984 -22.331509 7.842639e-04 45.400000 1.080953e-05 
 44.509810 -22.596073 1.000663e-03 45.500000 1.010487e-05 
 44.615310 -22.859824 1.275816e-03 45.600000 9.407811e-06 
 44.720505 -23.122810 1.625485e-03 45.700000 8.713914e-06 
 44.825413 -23.385080 2.069621e-03 45.800000 8.018017e-06 
 44.930052 -23.646679 2.633482e-03 45.900000 7.314633e-06 
 45.034440 -23.907649 3.349026e-03 46.000000 6.598819e-06 
 45.138594 -24.168033 4.256689e-03 46.100000 5.867716e-06 
 45.242528 -24.427869 5.407621e-03 46.200000 5.122726e-06 
 45.346258 -24.687194 6.866512e-03 46.300000 4.371901e-06 
 45.449798 -24.946042 8.715167e-03 46.400000 3.631443e-06 
 45.553160 -25.204448 1.105702e-02 46.500000 2.924833e-06 
 45.656357 -25.462442 1.402283e-02 46.600000 2.278677e-06 
 45.759402 -25.720053 1.777788e-02 46.700000 1.716241e-06 
 45.862304 -25.977308 2.253108e-02 46.800000 1.251457e-06 
 45.965074 -26.234233 2.854644e-02 46.900000 8.862833e-07 
 46.067721 -26.490852 3.615760e-02 47.000000 6.122111e-07 
 46.170256 -26.747187 4.578610e-02 47.100000 4.144005e-07 
 46.272684 -27.003259 5.796455e-02 47.200000 2.760916e-07 
 46.375016 -27.259088 7.336585e-02 47.300000 1.817479e-07 
 46.477257 -27.514691 9.284003e-02 47.400000 1.185830e-07 
 46.579415 -27.770086 1.174609e-01 47.500000 7.686985e-08 
 46.681496 -28.025288 1.485846e-01 47.600000 4.959607e-08 
 46.783505 -28.280311 1.879244e-01 47.700000 3.189043e-08 
 46.885449 -28.535170 2.376439e-01 47.800000 2.045494e-08 
 46.987331 -28.789876 3.004756e-01 47.900000 1.309620e-08 
 47.089157 -29.044442 3.798704e-01 48.000000 8.373399e-09 
 47.190932 -29.298878 4.801863e-01 48.100000 5.348198e-09 
 47.292658 -29.553193 6.069264e-01 48.200000 3.413192e-09 
 47.394340 -29.807398 7.670400e-01 48.300000 2.176862e-09 
 47.495981 -30.061501 9.693020e-01 48.400000 1.387609e-09 
 47.597584 -30.315509 1.224792e+00 48.500000 8.841066e-10 
 47.699153 -30.569431 1.547502e+00 48.600000 5.630790e-10 
 47.800690 -30.823272 1.955094e+00 48.700000 3.584926e-10 
 47.902196 -31.077039 2.469872e+00 48.800000 2.281664e-10 
 48.003676 -31.330738 3.119996e+00 48.900000 1.451761e-10 
 48.105130 -31.584374 3.941018e+00 49.000000 9.234627e-11 
 48.206562 -31.837952 4.977825e+00 49.100000 5.872617e-11 
 48.307971 -32.091477 6.287087e+00 49.200000 3.733690e-11 
 48.409362 -32.344952 7.940349e+00 49.300000 2.373255e-11 
 48.510733 -32.598382 1.002793e+01 49.400000 1.508186e-11 
 48.612089 -32.851770 1.266388e+01 49.500000 9.582383e-12 
 48.713428 -33.105119 1.599214e+01 49.600000 6.087015e-12 
 48.814754 -33.358433 2.019445e+01 49.700000 3.865902e-12 
 48.916066 -33.611714 2.550025e+01 49.800000 2.454800e-12 
 49.017367 -33.864965 3.219918e+01 49.900000 1.558487e-12 
 49.118656 -34.118188 4.065688e+01 50.000000 9.892696e-13 
 49.219935 -34.371386 5.133494e+01 50.100000 6.278464e-13 
 49.321205 -34.624560 6.481605e+01 50.200000 3.984023e-13 
 49.422465 -34.877712 8.183583e+01 50.300000 2.527680e-13 
 49.523718 -35.130844 1.033228e+02 50.400000 1.603453e-13 
 49.624964 -35.383958 1.304493e+02 50.500000 1.017012e-13 
 49.726202 -35.637055 1.646950e+02 50.600000 6.449605e-14 
 49.827435 -35.890136 2.079280e+02 50.700000 4.089577e-14 
 49.928662 -36.143202 2.625063e+02 50.800000 2.592758e-14 
 50.029883 -36.396256 3.314065e+02 50.900000 1.643550e-14 
 50.131099 -36.649297 4.183864e+02 51.000000 1.041687e-14 
 50.232311 -36.902327 5.281892e+02 51.100000 6.601107e-15 
 50.333519 -37.155347 6.668028e+02 51.200000 4.182143e-15 
 50.434723 -37.408357 8.417855e+02 51.300000 2.645350e-15 
 50.535924 -37.661358 1.062679e+03 51.400000 1.561288e-15 
 50.637121 -37.914351 1.341526e+03 51.500000 8.774116e-16 
