# Band_lum   "Abs. mono AB mag"  mono_flux bolo_lum no_density
 39.959951 -11.221426 3.122118e-08 41.600000 1.457425e-04 
 40.088950 -11.543923 4.201925e-08 41.700000 1.498805e-04 
 40.217421 -11.865100 5.648315e-08 41.800000 1.447722e-04 
 40.345340 -12.184897 7.582945e-08 41.900000 1.355808e-04 
 40.472684 -12.503259 1.016676e-07 42.000000 1.256668e-04 
 40.599432 -12.820129 1.361227e-07 42.100000 1.162274e-04 
 40.725562 -13.135454 1.819955e-07 42.200000 1.074876e-04 
 40.851054 -13.449184 2.429699e-07 42.300000 9.942686e-05 
 40.975889 -13.761270 3.238821e-07 42.400000 9.198999e-05 
 41.100048 -14.071669 4.310689e-07 42.500000 8.512388e-05 
 41.223518 -14.380342 5.728169e-07 42.600000 7.878027e-05 
 41.346282 -14.687253 7.599416e-07 42.700000 7.291510e-05 
 41.468330 -14.992373 1.006533e-06 42.800000 6.748839e-05 
 41.589651 -15.295676 1.330912e-06 42.900000 6.246405e-05 
 41.710239 -15.597145 1.756860e-06 43.000000 5.780968e-05 
 41.830088 -15.896768 2.315186e-06 43.100000 5.349568e-05 
 41.949195 -16.194536 3.045744e-06 43.200000 4.949512e-05 
 42.067561 -16.490452 3.999996e-06 43.300000 4.578368e-05 
 42.185189 -16.784520 5.244293e-06 43.400000 4.233924e-05 
 42.302082 -17.076754 6.864052e-06 43.500000 3.914169e-05 
 42.418250 -17.367172 8.969078e-06 43.600000 3.617264e-05 
 42.533700 -17.655799 1.170034e-05 43.700000 3.341521e-05 
 42.648446 -17.942664 1.523858e-05 43.800000 3.085417e-05 
 42.762502 -18.227803 1.981527e-05 43.900000 2.847541e-05 
 42.875883 -18.511255 2.572650e-05 44.000000 2.626590e-05 
 42.988606 -18.793064 3.335065e-05 44.100000 2.421372e-05 
 43.100692 -19.073277 4.317077e-05 44.200000 2.230769e-05 
 43.212159 -19.351946 5.580298e-05 44.300000 2.053749e-05 
 43.323030 -19.629124 7.203250e-05 44.400000 1.946077e-05 
 43.433327 -19.904866 9.285927e-05 44.500000 1.854252e-05 
 43.543072 -20.179229 1.195558e-04 44.600000 1.764022e-05 
 43.652289 -20.452272 1.537403e-04 44.700000 1.675570e-05 
 43.761002 -20.724053 1.974695e-04 44.800000 1.589030e-05 
 43.869233 -20.994631 2.533561e-04 44.900000 1.504500e-05 
 43.977007 -21.264065 3.247169e-04 45.000000 1.422027e-05 
 44.084346 -21.532413 4.157614e-04 45.100000 1.341608e-05 
 44.191274 -21.799733 5.318290e-04 45.200000 1.263185e-05 
 44.297813 -22.066080 6.796898e-04 45.300000 1.186634e-05 
 44.403984 -22.331509 8.679254e-04 45.400000 1.111762e-05 
 44.509810 -22.596073 1.107409e-03 45.500000 1.038299e-05 
 44.615310 -22.859824 1.411915e-03 45.600000 9.658847e-06 
 44.720505 -23.122810 1.798884e-03 45.700000 8.940642e-06 
 44.825413 -23.385080 2.290398e-03 45.800000 8.223026e-06 
 44.930052 -23.646679 2.914409e-03 45.900000 7.500196e-06 
 45.034440 -23.907649 3.706284e-03 46.000000 6.766723e-06 
 45.138594 -24.168033 4.710773e-03 46.100000 6.019053e-06 
 45.242528 -24.427869 5.984480e-03 46.200000 5.257730e-06 
 45.346258 -24.687194 7.598999e-03 46.300000 4.489957e-06 
 45.449798 -24.946042 9.644860e-03 46.400000 3.731409e-06 
 45.553160 -25.204448 1.223653e-02 46.500000 3.005702e-06 
 45.656357 -25.462442 1.551872e-02 46.600000 2.340361e-06 
 45.759402 -25.720053 1.967434e-02 46.700000 1.760082e-06 
 45.862304 -25.977308 2.493459e-02 46.800000 1.280167e-06 
 45.965074 -26.234233 3.159164e-02 46.900000 9.033578e-07 
 46.067721 -26.490852 4.001472e-02 47.000000 6.211746e-07 
 46.170256 -26.747187 5.067034e-02 47.100000 4.182383e-07 
 46.272684 -27.003259 6.414794e-02 47.200000 2.770118e-07 
 46.375016 -27.259088 8.119217e-02 47.300000 1.812102e-07 
 46.477257 -27.514691 1.027438e-01 47.400000 1.174602e-07 
 46.579415 -27.770086 1.299910e-01 47.500000 7.563271e-08 
 46.681496 -28.025288 1.644349e-01 47.600000 4.846702e-08 
 46.783505 -28.280311 2.079713e-01 47.700000 3.095162e-08 
 46.885449 -28.535170 2.629947e-01 47.800000 1.971673e-08 
 46.987331 -28.789876 3.325289e-01 47.900000 1.253695e-08 
 47.089157 -29.044442 4.203932e-01 48.000000 7.960820e-09 
 47.190932 -29.298878 5.314103e-01 48.100000 5.049798e-09 
 47.292658 -29.553193 6.716705e-01 48.200000 3.200661e-09 
 47.394340 -29.807398 8.488642e-01 48.300000 2.027328e-09 
 47.495981 -30.061501 1.072703e+00 48.400000 1.283441e-09 
 47.597584 -30.315509 1.355448e+00 48.500000 8.121402e-10 
 47.699153 -30.569431 1.712582e+00 48.600000 5.137056e-10 
 47.800690 -30.823272 2.163654e+00 48.700000 3.248214e-10 
 47.902196 -31.077039 2.733346e+00 48.800000 2.053224e-10 
 48.003676 -31.330738 3.452822e+00 48.900000 1.297479e-10 
 48.105130 -31.584374 4.361428e+00 49.000000 8.196823e-11 
 48.206562 -31.837952 5.508836e+00 49.100000 5.177012e-11 
 48.307971 -32.091477 6.957764e+00 49.200000 3.268942e-11 
 48.409362 -32.344952 8.787388e+00 49.300000 2.063644e-11 
 48.510733 -32.598382 1.109767e+01 49.400000 1.302467e-11 
 48.612089 -32.851770 1.401480e+01 49.500000 8.218774e-12 
 48.713428 -33.105119 1.769810e+01 49.600000 5.185128e-12 
 48.814754 -33.358433 2.234870e+01 49.700000 3.270600e-12 
 48.916066 -33.611714 2.822049e+01 49.800000 2.062596e-12 
 49.017367 -33.864965 3.563403e+01 49.900000 1.300537e-12 
 49.118656 -34.118188 4.499396e+01 50.000000 8.198902e-13 
 49.219935 -34.371386 5.681110e+01 50.100000 5.167921e-13 
 49.321205 -34.624560 7.173033e+01 50.200000 3.256908e-13 
 49.422465 -34.877712 9.056568e+01 50.300000 2.052235e-13 
 49.523718 -35.130844 1.143448e+02 50.400000 1.292952e-13 
 49.624964 -35.383958 1.443650e+02 50.500000 8.144673e-14 
 49.726202 -35.637055 1.822639e+02 50.600000 5.129819e-14 
 49.827435 -35.890136 2.301088e+02 50.700000 3.230492e-14 
 49.928662 -36.143202 2.905092e+02 50.800000 2.034107e-14 
 50.029883 -36.396256 3.667594e+02 50.900000 1.280609e-14 
 50.131099 -36.649297 4.630179e+02 51.000000 8.061074e-15 
 50.232311 -36.902327 5.845340e+02 51.100000 5.073350e-15 
 50.333519 -37.155347 7.379341e+02 51.200000 3.192275e-15 
 50.434723 -37.408357 9.315832e+02 51.300000 2.005475e-15 
 50.535924 -37.661358 1.176040e+03 51.400000 1.176313e-15 
 50.637121 -37.914351 1.484634e+03 51.500000 6.572327e-16 
