 39.959951 -11.221426 2.560023e-08 41.600000 1.233142e-04 
 40.088950 -11.543923 3.445425e-08 41.700000 1.270113e-04 
 40.217421 -11.865100 4.631412e-08 41.800000 1.229828e-04 
 40.345340 -12.184897 6.217738e-08 41.900000 1.155149e-04 
 40.472684 -12.503259 8.336370e-08 42.000000 1.074055e-04 
 40.599432 -12.820129 1.116156e-07 42.100000 9.965536e-05 
 40.725562 -13.135454 1.492296e-07 42.200000 9.245658e-05 
 40.851054 -13.449184 1.992264e-07 42.300000 8.579612e-05 
 40.975889 -13.761270 2.655715e-07 42.400000 7.963160e-05 
 41.100048 -14.071669 3.534608e-07 42.500000 7.392202e-05 
 41.223518 -14.380342 4.696889e-07 42.600000 6.863002e-05 
 41.346282 -14.687253 6.231244e-07 42.700000 6.372134e-05 
 41.468330 -14.992373 8.253204e-07 42.800000 5.916485e-05 
 41.589651 -15.295676 1.091300e-06 42.900000 5.493239e-05 
 41.710239 -15.597145 1.440561e-06 43.000000 5.099869e-05 
 41.830088 -15.896768 1.898368e-06 43.100000 4.734055e-05 
 41.949195 -16.194536 2.497399e-06 43.200000 4.393688e-05 
 42.067561 -16.490452 3.279851e-06 43.300000 4.076857e-05 
 42.185189 -16.784520 4.300129e-06 43.400000 3.781823e-05 
 42.302082 -17.076754 5.628272e-06 43.500000 3.507005e-05 
 42.418250 -17.367172 7.354316e-06 43.600000 3.250950e-05 
 42.533700 -17.655799 9.593851e-06 43.700000 3.012322e-05 
 42.648446 -17.942664 1.249508e-05 43.800000 2.789921e-05 
 42.762502 -18.227803 1.624780e-05 43.900000 2.582626e-05 
 42.875883 -18.511255 2.109479e-05 44.000000 2.389401e-05 
 42.988606 -18.793064 2.734632e-05 44.100000 2.209295e-05 
 43.100692 -19.073277 3.539845e-05 44.200000 2.041414e-05 
 43.212159 -19.351946 4.575640e-05 44.300000 1.884930e-05 
 43.323030 -19.629124 5.906402e-05 44.400000 1.790796e-05 
 43.433327 -19.904866 7.614121e-05 44.500000 1.710669e-05 
 43.543072 -20.179229 9.803137e-05 44.600000 1.631588e-05 
 43.652289 -20.452272 1.260614e-04 44.700000 1.553720e-05 
 43.761002 -20.724053 1.619178e-04 44.800000 1.477189e-05 
 43.869233 -20.994631 2.077427e-04 44.900000 1.402082e-05 
 43.977007 -21.264065 2.662560e-04 45.000000 1.328442e-05 
 44.084346 -21.532413 3.409092e-04 45.100000 1.256262e-05 
 44.191274 -21.799733 4.360803e-04 45.200000 1.185484e-05 
 44.297813 -22.066080 5.573209e-04 45.300000 1.115985e-05 
 44.403984 -22.331509 7.116672e-04 45.400000 1.047574e-05 
 44.509810 -22.596073 9.080351e-04 45.500000 9.799862e-06 
 44.615310 -22.859824 1.157718e-03 45.600000 9.128714e-06 
 44.720505 -23.122810 1.475019e-03 45.700000 8.457959e-06 
 44.825413 -23.385080 1.878043e-03 45.800000 7.782628e-06 
 44.930052 -23.646679 2.389709e-03 45.900000 7.097590e-06 
 45.034440 -23.907649 3.039018e-03 46.000000 6.398490e-06 
 45.138594 -24.168033 3.862661e-03 46.100000 5.683332e-06 
 45.242528 -24.427869 4.907055e-03 46.200000 4.954604e-06 
 45.346258 -24.687194 6.230901e-03 46.300000 4.221455e-06 
 45.449798 -24.946042 7.908433e-03 46.400000 3.500804e-06 
 45.553160 -25.204448 1.003351e-02 46.500000 2.816031e-06 
 45.656357 -25.462442 1.272478e-02 46.600000 2.192653e-06 
 45.759402 -25.720053 1.613224e-02 46.700000 1.652153e-06 
 45.862304 -25.977308 2.044545e-02 46.800000 1.206669e-06 
 45.965074 -26.234233 2.590399e-02 46.900000 8.569887e-07 
 46.067721 -26.490852 3.281061e-02 47.000000 5.943211e-07 
 46.170256 -26.747187 4.154783e-02 47.100000 4.042634e-07 
 46.272684 -27.003259 5.259897e-02 47.200000 2.708540e-07 
 46.375016 -27.259088 6.657462e-02 47.300000 1.793972e-07 
 46.477257 -27.514691 8.424614e-02 47.400000 1.178115e-07 
 46.579415 -27.770086 1.065879e-01 47.500000 7.688488e-08 
 46.681496 -28.025288 1.348306e-01 47.600000 4.994764e-08 
 46.783505 -28.280311 1.705289e-01 47.700000 3.234065e-08 
 46.885449 -28.535170 2.156460e-01 47.800000 2.088954e-08 
 46.987331 -28.789876 2.726616e-01 47.900000 1.346885e-08 
 47.089157 -29.044442 3.447071e-01 48.000000 8.672553e-09 
 47.190932 -29.298878 4.357370e-01 48.100000 5.578473e-09 
 47.292658 -29.553193 5.507452e-01 48.200000 3.585354e-09 
 47.394340 -29.807398 6.960377e-01 48.300000 2.302848e-09 
 47.495981 -30.061501 8.795770e-01 48.400000 1.478305e-09 
 47.597584 -30.315509 1.111417e+00 48.500000 9.485573e-10 
 47.699153 -30.569431 1.404254e+00 48.600000 6.084003e-10 
 47.800690 -30.823272 1.774117e+00 48.700000 3.900865e-10 
 47.902196 -31.077039 2.241244e+00 48.800000 2.500302e-10 
 48.003676 -31.330738 2.831188e+00 48.900000 1.602122e-10 
 48.105130 -31.584374 3.576211e+00 49.000000 1.026312e-10 
 48.206562 -31.837952 4.517045e+00 49.100000 6.572806e-11 
 48.307971 -32.091477 5.705112e+00 49.200000 4.208395e-11 
 48.409362 -32.344952 7.205337e+00 49.300000 2.693902e-11 
 48.510733 -32.598382 9.099682e+00 49.400000 1.724055e-11 
 48.612089 -32.851770 1.149162e+01 49.500000 1.103136e-11 
 48.713428 -33.105119 1.451180e+01 49.600000 7.056978e-12 
 48.814754 -33.358433 1.832511e+01 49.700000 4.513613e-12 
 48.916066 -33.611714 2.313978e+01 49.800000 2.886348e-12 
 49.017367 -33.864965 2.921861e+01 49.900000 1.845418e-12 
 49.118656 -34.118188 3.689341e+01 50.000000 1.179684e-12 
 49.219935 -34.371386 4.658303e+01 50.100000 7.539866e-13 
 49.321205 -34.624560 5.881625e+01 50.200000 4.818272e-13 
 49.422465 -34.877712 7.426055e+01 50.300000 3.078583e-13 
 49.523718 -35.130844 9.375859e+01 50.400000 1.966728e-13 
 49.624964 -35.383958 1.183741e+02 50.500000 1.256243e-13 
 49.726202 -35.637055 1.494498e+02 50.600000 8.023060e-14 
 49.827435 -35.890136 1.886808e+02 50.700000 5.123239e-14 
 49.928662 -36.143202 2.382069e+02 50.800000 3.271052e-14 
 50.029883 -36.396256 3.007293e+02 50.900000 2.088176e-14 
 50.131099 -36.649297 3.796577e+02 51.000000 1.332847e-14 
 50.232311 -36.902327 4.792965e+02 51.100000 8.505850e-15 
 50.333519 -37.155347 6.050790e+02 51.200000 5.426966e-15 
 50.434723 -37.408357 7.638642e+02 51.300000 3.456915e-15 
 50.535924 -37.661358 9.643100e+02 51.400000 2.053307e-15 
 50.637121 -37.914351 1.217346e+03 51.500000 1.160815e-15 
