    94      0.04497051      0.04497051
   109      9.51161257      9.55658308
   125      0.00150323      9.55808631
   211      5.92509366     15.48317997
   250      0.88167163     16.36485160
   251      0.05832451     16.42317612
   256      0.00050687     16.42368298
   259     22.01924589     38.44292887
   273     14.32149771     52.76442658
   287      3.62057011     56.38499669
   297      1.00160460     57.38660129
   307      9.42519316     66.81179445
   308     16.73813097     83.54992542
   727      0.21270957     83.76263499
   745      7.59466128     91.35729627
   752     75.52894084    166.88623712
   756    114.87411247    281.76034958
   994      7.47078647    289.23113605
  1000     32.75941295    321.99054900
  1010      0.14358855    322.13413755
  1022      0.07113901    322.20527656
  1024      0.32727506    322.53255162
  1033      0.00301469    322.53556630
  1035     28.08268033    350.61824663
  1037      8.45100857    359.06925520
  1040      0.01112305    359.08037825
  1043      5.76737193    364.84775018
  1045     28.49245204    393.34020223
  1056      0.00137334    393.34157557
  1119      0.00432953    393.34590510
  1122      0.00080583    393.34671092
  1133      0.00798976    393.35470068
  1140     43.94000117    437.29470186
  1142      0.01708705    437.31178891
  1231     29.13977362    466.45156253
  1233      0.06758836    466.51915089
  1239     27.75266895    494.27181984
  1241     29.22517680    523.49699664
  1302     16.18580017    539.68279681
  1329      0.45137600    540.13417281
  1331     33.27477972    573.40895253
  1332      1.29089854    574.69985107
  1334      1.41262900    576.11248006
  1336     12.07022840    588.18270846
  1339     13.41706365    601.59977211
  1345     99.05292044    700.65269256
  1350     64.86937396    765.52206651
  1356      5.44054152    770.96260804
  1359      4.78487244    775.74748048
  1363      0.09606320    775.84354368
  1365      0.02529347    775.86883715
  1402     18.11057596    793.97941311
  1404      4.98662960    798.96604271
  1411      2.49470670    801.46074940
  1412     63.95138328    865.41213268
  1449     12.36757796    877.77971064
  1450      1.21877114    878.99848178
  1452      0.36944817    879.36792994
  1453      9.93624315    889.30417309
  1458     65.07385010    954.37802319
  1462     81.06944361   1035.44746681
  1463      9.42714075   1044.87460756
  1473      6.24143995   1051.11604751
  1477      0.51758594   1051.63363345
  1478     22.34142763   1073.97506108
  1481      0.01364176   1073.98870284
  1659     43.34465369   1117.33335653
  1662      0.21441733   1117.54777386
  1663      3.99297266   1121.54074652
  1666     14.97345169   1136.51419822
  1729     67.67527007   1204.18946829
  1736      0.03123386   1204.22070215
  1737     23.48834946   1227.70905162
  1738     13.38608228   1241.09513389
  1739     38.88187488   1279.97700878
  1740     25.51292750   1305.48993628
  1742      0.01217180   1305.50210808
  1749      7.69820440   1313.20031248
  1752      0.07868985   1313.27900233
  1754      4.85650172   1318.13550405
  1755      0.85905801   1318.99456206
  1854      3.52408153   1322.51864359
  1855     11.10924300   1333.62788659
  1862      3.20915322   1336.83703981
  1869      4.39302890   1341.23006870
  1886      0.00163841   1341.23170712
  1888      0.00009626   1341.23180337
  1889     13.36781286   1354.59961623
  1893      0.00001884   1354.59963507
  1895     15.19962071   1369.79925579
  1896      8.70342485   1378.50268063
  1897      3.96914749   1382.47182813
  1904     28.13510443   1410.60693256
  1907     19.10002602   1429.70695858
  1923      8.16006852   1437.86702710
  1924      8.53782797   1446.40485507
  1925      6.03929179   1452.44414686
  1926      6.91425437   1459.35840123
  1927      7.17413866   1466.53253990
  1992     16.77968886   1483.31222876
  2062      0.60664662   1483.91887538
  2065      2.30795971   1486.22683509
  2068      0.04836152   1486.27519661
  2069      0.03109633   1486.30629294
  2074     24.18162999   1510.48792292
  2075      2.80973421   1513.29765714
  2076     21.64187812   1534.93953526
  2078     25.59830503   1560.53784028
  2125     41.95710255   1602.49494283
  2126     62.18391146   1664.67885429
  2127     10.73414058   1675.41299488
  2131      7.57541751   1682.98841239
  2134      1.86664457   1684.85505696
  2137     31.30282451   1716.15788148
  2138      0.65154812   1716.80942960
  2140      0.42167944   1717.23110904
  2141     10.29363821   1727.52474725
  2143      0.00020168   1727.52494893
  2168      0.21843542   1727.74338435
  2187      3.36956082   1731.11294517
  2188     21.65188982   1752.76483499
  2189      4.67988116   1757.44471615
  2190     48.00032388   1805.44504003
  2194     14.13514207   1819.58018210
  2206     16.79981369   1836.37999580
  2207     18.56241105   1854.94240685
  2243     54.73943002   1909.68183687
  2244      0.00037764   1909.68221451
  2247     42.49628330   1952.17849781
  2248     24.54669213   1976.72518994
  2259      9.82280769   1986.54799763
  2267      0.04728822   1986.59528585
  2298      0.00029792   1986.59558378
  2299     21.03611409   2007.63169787
  2304     47.65135166   2055.28304952
  2305     12.59860941   2067.88165893
  2322      1.18603449   2069.06769343
  2326     50.64874624   2119.71643967
  2327     15.25176386   2134.96820352
  2328     24.40849306   2159.37669659
  2333     14.18652821   2173.56322480
  2334     37.16341678   2210.72664158
  2335     22.75070175   2233.47734333
  2336      0.01036062   2233.48770395
  2346     15.70233242   2249.19003636
  2347      0.10515148   2249.29518784
  2348      8.56943474   2257.86462258
  2379     28.08535731   2285.94997989
  2385      0.01958083   2285.96956072
  2391     30.93460670   2316.90416743
  2392     38.36982770   2355.27399512
  2505      4.64159751   2359.91559264
  2506      1.19614962   2361.11174226
  2507     36.81080832   2397.92255058
  2566     31.65662141   2429.57917199
  2570      0.30288200   2429.88205399
  2574     20.46173178   2450.34378577
  2575      1.41987598   2451.76366175
  2576     21.54554890   2473.30921066
  2578      0.00679156   2473.31600222
  2579      0.04309613   2473.35909835
  2582     46.45866566   2519.81776401
  2583     17.03086589   2536.84862989
  2585      0.05750764   2536.90613753
  2649      0.00975456   2536.91589209
  2659      4.64268698   2541.55857908
  2662      6.53982035   2548.09839942
  2677      0.92411577   2549.02251519
  2699      3.77126832   2552.79378351
  2700     10.45839390   2563.25217741
  2708      0.00582884   2563.25800625
  2709      0.01174491   2563.26975116
  2711     15.73426483   2579.00401599
  2728     19.60512703   2598.60914302
  2735     11.57466503   2610.18380804
  2738      0.01137795   2610.19518599
  2740     13.05670560   2623.25189160
  2766      1.87205449   2625.12394609
  2768      0.00263840   2625.12658448
  2777     15.76486282   2640.89144730
  2780      0.03128641   2640.92273371
  2820      3.89372354   2644.81645725
  2821     32.01440048   2676.83085773
  2822     23.43770976   2700.26856749
  2825     29.07536374   2729.34393123
  2826     19.33540937   2748.67934060
  2830     79.22668607   2827.90602667
  2831     14.89987993   2842.80590660
  2863     30.77524590   2873.58115251
  2864     38.95947977   2912.54063227
  2873      0.00356282   2912.54419509
  2882      0.94655171   2913.49074680
  2883     34.38739637   2947.87814317
  2886      0.01006358   2947.88820675
  2887     15.62076501   2963.50897176
  2888     12.86999870   2976.37897046
  2955      3.56564906   2979.94461952
  2960     11.68860610   2991.63322562
  2961     13.27861062   3004.91183624
  2963      6.84587712   3011.75771336
  2964     88.00261586   3099.76032922
  2968      3.21915615   3102.97948537
  2986     52.95003276   3155.92951813
  2987     18.79318677   3174.72270490
  2989     17.48781097   3192.21051587
  3015     60.22122601   3252.43174188
  3031     70.63243854   3323.06418042
  3058     11.85090168   3334.91508211
  3059     28.19671562   3363.11179773
  3063      4.42234550   3367.53414323
  3064      0.00320861   3367.53735184
  3098      0.11892383   3367.65627567
  3103     44.52235658   3412.17863224
  3104      0.00001488   3412.17864713
  3130     15.01593484   3427.19458197
  3170      4.99976729   3432.19434926
  3177     30.34701298   3462.54136225
  3180     28.90757895   3491.44894120
  3183      6.44877526   3497.89771646
  3184     12.34127795   3510.23899441
  3185      9.42982942   3519.66882383
  3187     33.68739835   3553.35622217
  3204      4.94439696   3558.30061913
  3206      0.05833608   3558.35895521
  3225     57.40448941   3615.76344463
  3226     16.80454825   3632.56799287
  3229      0.04142223   3632.60941510
  3230      1.56338195   3634.17279705
  3256      0.00028986   3634.17308691
  3322      1.60421957   3635.77730648
  3323      3.58689431   3639.36420079
  3325      0.00040223   3639.36460302
  3356      2.12634147   3641.49094448
  3358     20.99954851   3662.49049299
  3360      0.02439815   3662.51489114
  3366     20.91112910   3683.42602024
  3367     23.98953077   3707.41555101
  3384      0.00592648   3707.42147749
  3388      6.71444913   3714.13592662
  3427      0.02148365   3714.15741027
  3430      0.06435271   3714.22176298
  3434      0.01790885   3714.23967183
  3437      0.01780406   3714.25747588
  3438      6.06612980   3720.32360569
  3460      0.10906931   3720.43267499
  3461      0.62170869   3721.05438369
  3462     27.04743947   3748.10182316
  3478     15.73665200   3763.83847516
  3511     13.87522018   3777.71369533
  3512      9.54090458   3787.25459992
  3513      5.97982568   3793.23442560
  3518     13.87573442   3807.11016002
  3525     18.38523689   3825.49539691
  3530     45.05657107   3870.55196797
  3538     28.16137422   3898.71334219
  3557     12.84775385   3911.56109605
  3559     10.99516038   3922.55625643
  3560     32.79152707   3955.34778350
  3562      3.13437058   3958.48215408
  3563      0.00060755   3958.48276163
  3600      4.56484222   3963.04760385
  3605     11.32832422   3974.37592806
  3606     18.19788820   3992.57381627
  3610      4.16075880   3996.73457506
  3614      0.00558196   3996.74015702
  3615      0.12388942   3996.86404644
  3628     26.77309296   4023.63713940
  3629     21.68811262   4045.32525202
  3630     38.37960985   4083.70486187
  3631     70.23252040   4153.93738227
  3634     23.13777765   4177.07515992
  3635     22.89005242   4199.96521233
  3636      0.75369297   4200.71890530
  3642      8.44757232   4209.16647762
  3643     16.35069826   4225.51717588
  3644     19.31657373   4244.83374961
  3646      0.00145611   4244.83520572
  3647     19.29110795   4264.12631367
  3650     21.16857139   4285.29488506
  3664     12.29023060   4297.58511566
  3697     10.34211322   4307.92722887
  3698     33.83301049   4341.76023937
  3699     32.75556648   4374.51580584
  3704     32.25391425   4406.76972009
  3705     69.35369876   4476.12341885
  3712     30.03686154   4506.16028040
  3716     44.02012024   4550.18040064
  3723     39.73086414   4589.91126478
  3804     28.49668752   4618.40795230
  3805     19.36426728   4637.77221958
  3813     82.59734778   4720.36956736
  3818     76.60102684   4796.97059420
  3830      2.85328344   4799.82387764
  3835      0.15598296   4799.97986060
  3836     84.74551796   4884.72537857
  3838     23.47715057   4908.20252914
  3840     34.94086453   4943.14339367
  3841     51.00493261   4994.14832628
  3842     16.14545151   5010.29377778
  3893     60.44763408   5070.74141187
  3894     43.99451136   5114.73592322
  3900    108.80361288   5223.53953611
  3903     56.36622896   5279.90576507
  3905      8.37336488   5288.27912995
  3909     52.19920898   5340.47833893
  3910     38.93325623   5379.41159517
  3911      0.04894005   5379.46053521
  3918     76.22882436   5455.68935957
  3919     50.91236851   5506.60172808
  3925      0.06290515   5506.66463323
  3926     35.83720680   5542.50184003
  3927     16.42740345   5558.92924349
  3957      0.01769886   5558.94694235
  3958     16.97946830   5575.92641065
  3964     35.05544329   5610.98185394
  3965     14.32122669   5625.30308063
  3967      0.05222034   5625.35530097
  3970     14.92184196   5640.27714293
  3971     27.09820702   5667.37534995
  3972      6.35949902   5673.73484897
  3983      0.03941113   5673.77426010
  3992      8.79497951   5682.56923961
  3996     44.51987969   5727.08911930
  3997     17.08232774   5744.17144703
  4002     46.23620711   5790.40765415
  4003      8.17056630   5798.57822045
  4007      6.78893252   5805.36715296
  4010     40.99928739   5846.36644035
  4011     20.30439243   5866.67083278
  4014      0.29469783   5866.96553060
  4015      1.76488933   5868.73041993
  4023      0.05890176   5868.78932169
  4031      0.28700065   5869.07632234
  4072     10.72574378   5879.80206613
  4076     18.41986567   5898.22193179
  4100      1.28645477   5899.50838656
  4107      1.88599595   5901.39438251
  4114      6.24534009   5907.63972260
  4115      9.69163384   5917.33135645
  4116     10.86396548   5928.19532192
  4119      8.67046284   5936.86578476
  4127     12.47168238   5949.33746714
  4128      3.15194845   5952.48941559
  4134     60.25220448   6012.74162007
  4135     54.32321394   6067.06483401
  4136      8.03803385   6075.10286786
  4143      7.76253370   6082.86540156
  4144     23.28609207   6106.15149363
  4145     13.23076044   6119.38225407
  4152      8.64327758   6128.02553165
  4153      0.00088022   6128.02641187
  4157      0.13044375   6128.15685562
  4158      3.84324019   6132.00009581
  4184      1.43059558   6133.43069138
  4187      8.00295722   6141.43364861
  4188      2.97511251   6144.40876112
  4192     12.72345097   6157.13221209
  4198      0.02207044   6157.15428254
  4203      3.68904336   6160.84332589
  4204     31.16559700   6192.00892289
  4207     29.81196936   6221.82089226
  4208     34.16997924   6255.99087150
  4233      2.57685229   6258.56772378
  4247      2.42572447   6260.99344825
  4263     56.89305386   6317.88650211
  4264     47.35849319   6365.24499531
  4294     45.02617878   6410.27117409
  4326      0.00381122   6410.27498531
  4334     50.56593467   6460.84091998
  4335     30.43205876   6491.27297874
  4336      0.00031484   6491.27329357
  4338     12.75824302   6504.03153659
  4344     21.09102349   6525.12256008
  4380      8.92175973   6534.04431981
  4381     46.02671066   6580.07103047
  4382     20.62387626   6600.69490672
  4388      0.00061189   6600.69551861
  4389      0.03121373   6600.72673235
  4392     35.51175654   6636.23848888
  4448      5.09981790   6641.33830679
  4458      0.58634412   6641.92465091
  4469     56.24922094   6698.17387185
  4470     25.59409945   6723.76797130
  4503      2.59492402   6726.36289532
  4504     36.17803187   6762.54092719
  4508     36.70627650   6799.24720369
  4510      1.37285182   6800.62005551
  4512     43.27904568   6843.89910119
  4516     23.20593900   6867.10504019
  4517      7.43751150   6874.54255169
  4518     26.48699496   6901.02954665
  4520      2.45134869   6903.48089534
  4540      0.02710469   6903.50800003
  4549      0.07256404   6903.58056407
  4550     12.67437078   6916.25493485
  4552     40.05634573   6956.31128057
  4555      0.08969439   6956.40097497
  4569     24.03655303   6980.43752800
  4570     35.24548872   7015.68301672
  4571      4.21318319   7019.89619991
  4576    104.08904377   7123.98524367
  4588     20.58460685   7144.56985052
  4599     33.65737567   7178.22722620
  4600     12.14637809   7190.37360429
  4623     57.18592524   7247.55952953
  4628     11.89601912   7259.45554865
  4629     13.26451653   7272.72006518
  4632     30.26880267   7302.98886785
  4633     15.70541798   7318.69428583
  4646     45.00883745   7363.70312329
  4649     52.82930530   7416.53242859
  4663      0.06288201   7416.59531060
  4670     54.40341971   7470.99873031
  4671     19.89749285   7490.89622316
  4674     35.19483422   7526.09105738
  4678     53.01068075   7579.10173813
  4679     45.84462684   7624.94636497
  4682     47.04088344   7671.98724840
  4800     17.53791046   7689.52515887
  4822     73.61009021   7763.13524908
  4828     79.61026018   7842.74550926
  4829     55.52996358   7898.27547284
  4832     70.52007312   7968.79554596
  4836     41.23366202   8010.02920797
  4843     55.43069934   8065.45990731
  4844      0.10390567   8065.56381298
  4849     36.63034446   8102.19415744
  4851      7.53923093   8109.73338836
  4858      7.79720361   8117.53059197
  4874     25.22813777   8142.75872974
  4879     33.35019519   8176.10892493
  4880     16.47826599   8192.58719092
  4884      0.18888685   8192.77607776
  4887     52.33507250   8245.11115026
  4900      0.85086253   8245.96201279
  4905      0.00040400   8245.96241679
  4930      0.00775694   8245.97017373
  4933      0.01728940   8245.98746313
  5037     20.96946229   8266.95692542
  5038     25.15690823   8292.11383365
  5043      0.00480943   8292.11864308
  5044     16.00468090   8308.12332398
  5045     21.12066311   8329.24398710
  5046      0.49519837   8329.73918547
  5047      0.06906185   8329.80824731
  5052      0.29989613   8330.10814344
  5060     34.95998069   8365.06812413
  5061     73.33414496   8438.40226909
  5064     32.67639383   8471.07866292
  5065     37.26050639   8508.33916931
  5066      4.99866606   8513.33783537
  5069     44.87802854   8558.21586391
  5070      1.94339627   8560.15926018
  5071     82.66822803   8642.82748821
  5072      2.24885571   8645.07634393
  5079      4.49501601   8649.57135994
  5080     33.81301058   8683.38437051
  5087     51.64371165   8735.02808216
  5112     60.49315574   8795.52123790
  5115     25.83235097   8821.35358887
  5116     33.79940442   8855.15299329
  5125      4.72105907   8859.87405236
  5137     47.10905396   8906.98310632
  5138     11.02483697   8918.00794329
  5140     27.67001476   8945.67795805
  5181     18.26356451   8963.94152256
  5182     13.21521733   8977.15673988
  5183     99.23593625   9076.39267614
  5194    138.58741685   9214.98009299
  5224     62.12292511   9277.10301810
  5225     32.37134448   9309.47436259
  5237      7.16248934   9316.63685193
  5301      0.06272125   9316.69957317
  5308     58.50094855   9375.20052173
  5312     26.37629114   9401.57681287
  5313     21.15736835   9422.73418122
  5314     52.68524814   9475.41942936
  5317     18.01549524   9493.43492460
  5318      7.53926597   9500.97419057
  5322     29.71460262   9530.68879319
  5323     14.50150344   9545.19029663
  5326     41.02574762   9586.21604426
  5327     13.50598814   9599.72203239
  5330     16.75254869   9616.47458109
  5360     30.36493546   9646.83951655
  5362     30.02537684   9676.86489339
  5374      0.00003085   9676.86492424
  5375      0.79384096   9677.65876520
  5376      0.27672556   9677.93549076
  5377      9.81521498   9687.75070574
  5378     20.30669001   9708.05739576
  5381     17.11449590   9725.17189165
  5382     23.64795989   9748.81985154
  5384     21.75621652   9770.57606806
  5385      4.45660642   9775.03267449
  5387      2.69165217   9777.72432665
  5390     33.16493235   9810.88925900
  5391     35.04701839   9845.93627739
  5392      2.70005360   9848.63633099
  5395      0.06238329   9848.69871428
  5396     39.84526327   9888.54397756
  5398     26.54399823   9915.08797579
  5401      3.36083861   9918.44881439
  5402      0.67004458   9919.11885897
  5403     55.37442504   9974.49328401
  5404      6.56411194   9981.05739595
  5405     15.97597230   9997.03336825
  5408      0.06133526   9997.09470351
  5409     18.96525326  10016.05995677
  5410     29.61016748  10045.67012425
  5414     10.26429022  10055.93441447
  5415     14.86779978  10070.80221425
  5416     19.91519743  10090.71741167
  5421     24.76936758  10115.48677925
  5598     26.88179473  10142.36857398
  5636     20.23538689  10162.60396087
  5640     37.40484390  10200.00880477
  5641     17.09437264  10217.10317741
  5655     41.40821194  10258.51138935
  5656     20.92682232  10279.43821167
  5657      6.33527228  10285.77348396
  5711      0.06810299  10285.84158695
  5714     46.01715553  10331.85874248
  5794      2.54545852  10334.40420100
  5803      1.39345859  10335.79765959
  5814     28.16054834  10363.95820793
  5815      5.98573007  10369.94393800
  5817     39.84898847  10409.79292648
  5824      0.31892750  10410.11185398
  5848      0.64839525  10410.76024923
  5849      2.95298042  10413.71322965
  5867      0.11359735  10413.82682700
  5921      0.07256313  10413.89939013
  5933     15.36630833  10429.26569845
  5934     41.25580222  10470.52150067
  5935     26.95960499  10497.48110566
  5959     35.84067434  10533.32178000
  5960     37.31821948  10570.63999948
  5972     41.99281638  10612.63281586
  5973     23.43608802  10636.06890388
  5976     42.91988807  10678.98879195
  5982     18.14059042  10697.12938237
  5999      4.24438003  10701.37376239
  6003     48.56178716  10749.93554955
  6004     48.81989194  10798.75544149
  6005     37.13733164  10835.89277313
  6073      9.10273153  10844.99550465
  6074     11.63441577  10856.62992043
  6075      5.48393902  10862.11385945
  6103     22.00079184  10884.11465128
  6104      6.71534840  10890.82999969
  6105      4.73748352  10895.56748321
  6118     18.08624491  10913.65372812
  6121     36.63065800  10950.28438612
  6122     23.29575890  10973.58014502
  6123      8.72711166  10982.30725669
  6160      9.07314891  10991.38040559
  6161     10.18099897  11001.56140457
  6162     80.20693615  11081.76834072
  6166     44.87607538  11126.64441610
  6168      8.34133944  11134.98575553
  6169     13.29853814  11148.28429367
  6174     46.47588623  11194.76017990
  6176      0.09354895  11194.85372885
  6177     48.65402921  11243.50775807
  6182     45.05235352  11288.56011159
  6207      1.86492696  11290.42503855
  6212     21.98270619  11312.40774474
  6282     12.43882708  11324.84657182
  6354     47.36995046  11372.21652228
  6361     28.45670814  11400.67323042
  6366      7.81180042  11408.48503084
  6371      6.97604534  11415.46107619
  6372      3.26992178  11418.73099797
  6413     17.52555527  11436.25655323
  6426     21.58132772  11457.83788095
  6469      0.05816769  11457.89604865
  6475     22.72869802  11480.62474667
  6481      5.27082265  11485.89556931
  6485     31.63989549  11517.53546481
  6505     10.47588117  11528.01134598
  6509     20.23966268  11548.25100866
  6514     34.93173310  11583.18274176
  6519     35.43613598  11618.61887774
  6572     32.26320154  11650.88207929
  6573     43.40794933  11694.29002862
  6574     22.39636478  11716.68639340
  6581     29.94035673  11746.62675013
  6585     31.12611618  11777.75286631
  6591     10.50553755  11788.25840386
  6597     35.10362680  11823.36203066
  6605     15.69355271  11839.05558337
  6708     44.38547509  11883.44105846
  6709      9.08880886  11892.52986732
  6727     13.87965818  11906.40952551
  6728     12.68126989  11919.09079540
  6749     31.98702488  11951.07782028
  6751      0.44675373  11951.52457401
  6752      2.69572112  11954.22029513
  6753      5.27737070  11959.49766583
  6781      2.93805088  11962.43571671
  6782     11.52838533  11973.96410204
  6793     23.44889153  11997.41299357
  6794     39.52255398  12036.93554755
  6850     22.01801858  12058.95356613
  6895     12.33220784  12071.28577398
  7178     31.46183374  12102.74760771
  7185      7.51470416  12110.26231187
  7210     21.84933011  12132.11164198
  7220      6.22827033  12138.33991230
  7243     25.06459153  12163.40450384
  7264     15.44884441  12178.85334824
  7265     25.68435701  12204.53770525
  7674      9.84687356  12214.38457882
  7675     14.98379979  12229.36837860
  7698     30.36080993  12259.72918854
  7699     12.71942423  12272.44861276
  7708     29.98356735  12302.43218011
  7709     16.96155180  12319.39373191
  7712     70.51348205  12389.90721396
  7713     71.16829601  12461.07550997
  7717    116.73412674  12577.80963670
  7718     41.50126812  12619.31090482
  7727     49.99621063  12669.30711545
  7729      0.11736898  12669.42448444
  7741      2.90798731  12672.33247175
  7754     41.31248976  12713.64496151
  7757     26.13864896  12739.78361047
  7759      0.16670411  12739.95031458
  7760      0.19099222  12740.14130680
  7761     26.70461989  12766.84592669
  7765     20.95579885  12787.80172554
  7767     21.15731267  12808.95903821
  7770     19.91765941  12828.87669761
  7772     17.29345541  12846.17015303
  7773     73.04644556  12919.21659858
  7777     23.07269880  12942.28929738
  7778     84.52558061  13026.81487799
  7780     26.20712660  13053.02200460
  7781     39.54087528  13092.56287988
  7784     62.08092886  13154.64380874
  7787     60.66066066  13215.30446940
  7791      0.09096404  13215.39543344
  7807     15.23256722  13230.62800066
  7808     11.33723863  13241.96523929
  7812      5.39974315  13247.36498243
  7814     12.59202986  13259.95701229
  7824     31.04533432  13291.00234661
  7845     23.27725774  13314.27960435
  7865     33.80849725  13348.08810160
  7880     21.10635341  13369.19445501
  7881     52.28477789  13421.47923290
  7885     21.56441365  13443.04364655
  7907     24.64228648  13467.68593302
  7908     26.18439884  13493.87033186
  7912     27.83967355  13521.71000542
  7913     25.96597659  13547.67598201
  7917     45.25285223  13592.92883424
  7923     49.68796810  13642.61680234
  7932     29.73984457  13672.35664691
  7937      4.44389916  13676.80054607
  7941     14.10619119  13690.90673726
  7942     17.41544565  13708.32218291
  8038     33.77289991  13742.09508282
  8039      9.61258513  13751.70766796
  8049      0.10568594  13751.81335390
  8054     24.19406108  13776.00741498
  8055     18.31882398  13794.32623896
  8056     24.71659082  13819.04282978
  8060     19.69380550  13838.73663528
  8061      3.20351470  13841.94014999
  8062     16.97706183  13858.91721181
  8066     17.83627500  13876.75348682
  8067     19.38570321  13896.13919003
  8083     31.78296064  13927.92215066
  8095     71.33536625  13999.25751692
  8096     38.99876410  14038.25628102
  8097     12.81824332  14051.07452434
  8100     42.66581837  14093.74034271
  8101     13.21217162  14106.95251433
  8102     18.70085834  14125.65337267
  8103     18.82894832  14144.48232099
  8105     24.19384998  14168.67617097
  8108     37.72863907  14206.40481004
  8109     20.59278287  14226.99759291
  8110     29.99076656  14256.98835947
  8111     24.21708671  14281.20544618
  8112     17.22118709  14298.42663327
  8115     28.28718878  14326.71382205
  8116     65.05739876  14391.77122082
  8117      0.10540053  14391.87662135
  8142      6.27217056  14398.14879191
  8149     31.16197388  14429.31076579
  8150     14.81670764  14444.12747343
  8151      8.89974461  14453.02721804
  8155     24.71436064  14477.74157868
  8156     37.94177562  14515.68335430
  8157     14.42273033  14530.10608463
  8158      1.60967453  14531.71575916
  8162     23.76825653  14555.48401569
