      -15.245743      -3.0061952
      -15.280743      -3.0127177
      -15.315743      -3.0192834
      -15.350743      -3.0258904
      -15.385745      -3.0325363
      -15.420745      -3.0392198
      -15.455745      -3.0459387
      -15.490745      -3.0526915
      -15.525744      -3.0594764
      -15.560744      -3.0662919
      -15.595744      -3.0731365
      -15.630744      -3.0800088
      -15.665744      -3.0869082
      -15.700744      -3.0938321
      -15.735743      -3.1007800
      -15.770743      -3.1077508
      -15.805743      -3.1147434
      -15.840743      -3.1217569
      -15.875743      -3.1287905
      -15.910743      -3.1358431
      -15.945745      -3.1429139
      -15.980745      -3.1500025
      -16.015745      -3.1571080
      -16.050744      -3.1642298
      -16.085744      -3.1713672
      -16.120744      -3.1785199
      -16.155744      -3.1856871
      -16.190744      -3.1928693
      -16.225744      -3.2000644
      -16.260744      -3.2072730
      -16.295743      -3.2144945
      -16.330743      -3.2217287
      -16.365743      -3.2289752
      -16.400743      -3.2362337
      -16.435743      -3.2435041
      -16.470743      -3.2507861
      -16.505743      -3.2580796
      -16.540745      -3.2653839
      -16.575745      -3.2726996
      -16.610744      -3.2800261
      -16.645744      -3.2873633
      -16.680744      -3.2947113
      -16.715744      -3.3020697
      -16.750744      -3.3094393
      -16.785744      -3.3168185
      -16.820744      -3.3242079
      -16.855743      -3.3316076
      -16.890743      -3.3390174
      -16.925743      -3.3464372
      -16.960743      -3.3538671
      -16.995743      -3.3613071
      -17.030743      -3.3687570
      -17.065745      -3.3762166
      -17.100745      -3.3836863
      -17.135745      -3.3911659
      -17.170744      -3.3986554
      -17.205744      -3.4061547
      -17.240744      -3.4136638
      -17.275744      -3.4211828
      -17.310744      -3.4287123
      -17.345744      -3.4362508
      -17.380743      -3.4437991
      -17.415743      -3.4513571
      -17.450743      -3.4589249
      -17.485743      -3.4665024
      -17.520743      -3.4740897
      -17.555743      -3.4816866
      -17.590745      -3.4892930
      -17.625745      -3.4969093
      -17.660745      -3.5045352
      -17.695744      -3.5121707
      -17.730744      -3.5198159
      -17.765744      -3.5274707
      -17.800744      -3.5351350
      -17.835744      -3.5428095
      -17.870744      -3.5504929
      -17.905744      -3.5581858
      -17.940743      -3.5658880
      -17.975743      -3.5735997
      -18.010743      -3.5813208
      -18.045743      -3.5890513
      -18.080743      -3.5967911
      -18.115743      -3.6045401
      -18.150742      -3.6122984
      -18.185745      -3.6200656
      -18.220745      -3.6278423
      -18.255744      -3.6356281
      -18.290744      -3.6434229
      -18.325744      -3.6512268
      -18.360744      -3.6590404
      -18.395744      -3.6668621
      -18.430744      -3.6746927
      -18.465743      -3.6825322
      -18.500743      -3.6903806
      -18.535743      -3.6982376
      -18.570743      -3.7061033
      -18.605743      -3.7139777
      -18.640743      -3.7218607
      -18.675743      -3.7297522
      -18.710745      -3.7376521
      -18.745745      -3.7455606
      -18.780745      -3.7534776
      -18.815744      -3.7614030
      -18.850744      -3.7693367
      -18.885744      -3.7772795
      -18.920744      -3.7852290
      -18.955744      -3.7931882
      -18.990744      -3.8011551
      -19.025743      -3.8091301
      -19.060743      -3.8171133
      -19.095743      -3.8251047
      -19.130743      -3.8331042
      -19.165743      -3.8411120
      -19.200743      -3.8491279
      -19.235743      -3.8571521
      -19.270745      -3.8651841
      -19.305745      -3.8732247
      -19.340744      -3.8812736
      -19.375744      -3.8893306
      -19.410744      -3.8973961
      -19.445744      -3.9054700
      -19.480744      -3.9135531
      -19.515744      -3.9216440
      -19.550744      -3.9297436
      -19.585743      -3.9378519
      -19.620743      -3.9459691
      -19.655743      -3.9540952
      -19.690743      -3.9622305
      -19.725743      -3.9703750
      -19.760743      -3.9785290
      -19.795742      -3.9866925
      -19.830745      -3.9948656
      -19.865745      -4.0030490
      -19.900744      -4.0112426
      -19.935744      -4.0194465
      -19.970744      -4.0276620
      -20.005744      -4.0358877
      -20.040744      -4.0441247
      -20.075744      -4.0523732
      -20.110743      -4.0606336
      -20.145743      -4.0689063
      -20.180743      -4.0771915
      -20.215743      -4.0854898
      -20.250743      -4.0938014
      -20.285743      -4.1021268
      -20.320743      -4.1104665
      -20.355742      -4.1188208
      -20.390745      -4.1271902
      -20.425744      -4.1355754
      -20.460744      -4.1439769
      -20.495744      -4.1523958
      -20.530744      -4.1608306
      -20.565744      -4.1692848
      -20.600744      -4.1777567
      -20.635744      -4.1862479
      -20.670743      -4.1947588
      -20.705743      -4.2032903
      -20.740743      -4.2118429
      -20.775743      -4.2204175
      -20.810743      -4.2290148
      -20.845743      -4.2376355
      -20.880743      -4.2462804
      -20.915745      -4.2549502
      -20.950745      -4.2636461
      -20.985744      -4.2723687
      -21.020744      -4.2811198
      -21.055744      -4.2898977
      -21.090744      -4.2987059
      -21.125744      -4.3075453
      -21.160744      -4.3164152
      -21.195744      -4.3253174
      -21.230743      -4.3342530
      -21.265743      -4.3432229
      -21.300743      -4.3522283
      -21.335743      -4.3612701
      -21.370743      -4.3703494
      -21.405743      -4.3794673
      -21.440742      -4.3886250
      -21.475745      -4.3978233
      -21.510745      -4.4070638
      -21.545744      -4.4163475
      -21.580744      -4.4256755
      -21.615744      -4.4350490
      -21.650744      -4.4444701
      -21.685744      -4.4539383
      -21.720744      -4.4634556
      -21.755743      -4.4730234
      -21.790743      -4.4826428
      -21.825743      -4.4923151
      -21.860743      -4.5020416
      -21.895743      -4.5118236
      -21.930743      -4.5216622
      -21.965743      -4.5315589
      -22.000745      -4.5415148
      -22.035745      -4.5515315
      -22.070744      -4.5616101
      -22.105744      -4.5717519
      -22.140744      -4.5819585
      -22.175744      -4.5922317
      -22.210744      -4.6025713
      -22.245744      -4.6129795
      -22.280744      -4.6234576
      -22.315743      -4.6340069
      -22.350743      -4.6446287
      -22.385743      -4.6553245
      -22.420743      -4.6660955
      -22.455743      -4.6769431
      -22.490743      -4.6878684
      -22.525745      -4.6988730
      -22.560745      -4.7099581
      -22.595742      -4.7211252
      -22.630744      -4.7323753
      -22.665744      -4.7437098
      -22.700744      -4.7551301
      -22.735744      -4.7666384
      -22.770744      -4.7782342
      -22.805744      -4.7899196
      -22.840743      -4.8016959
      -22.875743      -4.8135644
      -22.910743      -4.8255263
      -22.945743      -4.8375828
      -22.980743      -4.8497353
      -23.015743      -4.8619850
      -23.050743      -4.8743330
      -23.085742      -4.8867806
      -23.120742      -4.8993290
      -23.155742      -4.9119794
      -23.190742      -4.9247329
      -23.225742      -4.9375909
      -23.260744      -4.9505550
      -23.295744      -4.9636251
      -23.330744      -4.9768028
      -23.365744      -4.9900894
      -23.400743      -5.0034861
      -23.435743      -5.0169938
      -23.470743      -5.0306137
      -23.505743      -5.0443468
      -23.540743      -5.0581942
      -23.575743      -5.0721570
      -23.610743      -5.0862361
      -23.645742      -5.1004326
      -23.680745      -5.1147485
      -23.715744      -5.1291827
      -23.750744      -5.1437373
      -23.785744      -5.1584132
      -23.820744      -5.1732114
      -23.855744      -5.1881327
      -23.890744      -5.2031782
      -23.925744      -5.2183487
      -23.960743      -5.2336450
      -23.995743      -5.2490681
      -24.030743      -5.2646188
      -24.065743      -5.2802980
      -24.100743      -5.2961065
      -24.135743      -5.3120452
      -24.170742      -5.3281147
      -24.205742      -5.3443159
      -24.240742      -5.3606497
      -24.275742      -5.3771167
      -24.310742      -5.3937176
      -24.345742      -5.4104534
      -24.380744      -5.4273256
      -24.415744      -5.4443329
      -24.450744      -5.4614770
      -24.485743      -5.4787587
      -24.520743      -5.4961784
      -24.555743      -5.5137370
      -24.590743      -5.5314351
      -24.625743      -5.5492731
      -24.660743      -5.5672519
      -24.695745      -5.5853732
      -24.730742      -5.6036339
      -24.765745      -5.6220394
      -24.800744      -5.6405866
      -24.835744      -5.6592773
      -24.870744      -5.6781121
      -24.905744      -5.6970914
      -24.940744      -5.7162157
      -24.975744      -5.7354854
      -25.010744      -5.7549012
      -25.045743      -5.7744634
      -25.080743      -5.7941726
      -25.115743      -5.8140289
      -25.150743      -5.8340331
      -25.185743      -5.8541854
      -25.220743      -5.8744862
      -25.255743      -5.8949360
      -25.290742      -5.9155351
      -25.325742      -5.9362838
      -25.360742      -5.9571825
      -25.395742      -5.9782316
      -25.430744      -5.9994328
      -25.465742      -6.0207820
      -25.500744      -6.0422853
      -25.535744      -6.0639389
      -25.570741      -6.0857427
      -25.605743      -6.1077016
      -25.640743      -6.1298113
      -25.675743      -6.1520736
      -25.710743      -6.1744888
      -25.745745      -6.1970585
      -25.780743      -6.2197783
      -25.815742      -6.2426530
      -25.850745      -6.2656830
      -25.885745      -6.2888652
      -25.920744      -6.3122013
      -25.955744      -6.3356916
      -25.990744      -6.3593360
      -26.025744      -6.3831348
      -26.060744      -6.4070881
      -26.095744      -6.4311960
      -26.130743      -6.4554585
      -26.165743      -6.4798758
      -26.200743      -6.5044479
      -26.235743      -6.5291749
      -26.270743      -6.5540569
      -26.305743      -6.5790939
      -26.340743      -6.6042860
      -26.375742      -6.6296331
      -26.410742      -6.6551353
      -26.445742      -6.6807925
      -26.480742      -6.7066048
      -26.515742      -6.7325722
      -26.550744      -6.7586964
      -26.585744      -6.7849738
      -26.620741      -6.8114043
      -26.655744      -6.8379934
      -26.690743      -6.8647354
      -26.725743      -6.8916322
      -26.760743      -6.9186836
      -26.795745      -6.9458915
      -26.830743      -6.9732501
      -26.865743      -7.0007649
      -26.900745      -7.0284359
      -26.935742      -7.0562571
      -26.970745      -7.0842360
      -27.005744      -7.1123670
      -27.040744      -7.1406514
      -27.075744      -7.1690894
      -27.110744      -7.1976806
      -27.145744      -7.2264249
      -27.180744      -7.2553221
      -27.215743      -7.2843720
      -27.250743      -7.3135744
      -27.285743      -7.3429290
      -27.320743      -7.3724356
      -27.355743      -7.4020940
      -27.390743      -7.4319039
      -27.425743      -7.4618651
      -27.460742      -7.4919773
      -27.495742      -7.5222401
      -27.530742      -7.5526534
      -27.565742      -7.5832168
      -27.600742      -7.6139300
      -27.635742      -7.6447928
      -27.670742      -7.6758047
      -27.705744      -7.7069677
      -27.740744      -7.7382770
      -27.775743      -7.7697346
      -27.810743      -7.8013400
      -27.845743      -7.8330928
      -27.880743      -7.8649928
      -27.915743      -7.8970395
      -27.950745      -7.9292348
      -27.985743      -7.9615716
      -28.020745      -7.9940585
      -28.055745      -8.0266883
      -28.090744      -8.0594628
      -28.125744      -8.0923817
      -28.160744      -8.1254445
      -28.195744      -8.1586508
      -28.230744      -8.1920000
      -28.265744      -8.2254919
      -28.300744      -8.2591260
      -28.335743      -8.2929018
      -28.370743      -8.3268187
      -28.405743      -8.3608764
      -28.440743      -8.3950744
      -28.475743      -8.4294123
      -28.510743      -8.4638894
      -28.545742      -8.4985054
      -28.580742      -8.5332597
      -28.615742      -8.5681519
      -28.650742      -8.6031814
      -28.685742      -8.6383478
      -28.720742      -8.6736504
      -28.755744      -8.7090913
      -28.790741      -8.7446627
      -28.825744      -8.7803737
      -28.860743      -8.8162165
      -28.895743      -8.8521931
      -28.930743      -8.8883028
      -28.965743      -8.9245453
      -29.000743      -8.9609200
      -29.035743      -8.9974263
      -29.070745      -9.0340662
      -29.105745      -9.0708342
      -29.140745      -9.1077324
      -29.175744      -9.1447600
      -29.210744      -9.1819167
      -29.245744      -9.2192020
      -29.280744      -9.2566152
      -29.315744      -9.2941560
      -29.350744      -9.3318238
      -29.385744      -9.3696180
      -29.420743      -9.4075384
      -29.455743      -9.4455842
      -29.490743      -9.4837553
      -29.525743      -9.5220508
      -29.560743      -9.5604706
      -29.595743      -9.5990141
      -29.630743      -9.6376810
      -29.665742      -9.6764708
      -29.700742      -9.7153830
      -29.735742      -9.7544174
      -29.770742      -9.7935736
      -29.805744      -9.8328539
      -29.840742      -9.8722499
      -29.875744      -9.9117721
      -29.910744      -9.9514121
      -29.945741      -9.9911697
      -29.980743      -10.031053
      -30.015743      -10.071053
      -30.050743      -10.111173
      -30.085743      -10.151412
      -30.120745      -10.191773
      -30.155743      -10.232249
      -30.190742      -10.272846
      -30.225745      -10.313565
      -30.260745      -10.354401
      -30.295744      -10.395356
      -30.330744      -10.436431
      -30.365744      -10.477625
      -30.400744      -10.518940
      -30.435744      -10.560374
      -30.470744      -10.601928
      -30.505743      -10.643604
      -30.540743      -10.685400
      -30.575743      -10.727318
      -30.610743      -10.769358
      -30.645743      -10.811521
      -30.680743      -10.853807
      -30.715743      -10.896217
      -30.750742      -10.938752
      -30.785742      -10.981412
      -30.820742      -11.024199
      -30.855742      -11.067113
      -30.890742      -11.110155
      -30.925744      -11.153330
      -30.960744      -11.196632
      -30.995741      -11.240063
      -31.030744      -11.283633
      -31.065743      -11.327335
      -31.100743      -11.371172
      -31.135743      -11.415147
      -31.170745      -11.459263
      -31.205743      -11.503514
      -31.240743      -11.547910
      -31.275745      -11.592453
      -31.310742      -11.637136
      -31.345745      -11.681973
      -31.380744      -11.726957
      -31.415744      -11.772092
      -31.450744      -11.817381
      -31.485744      -11.862827
      -31.520744      -11.908430
      -31.555744      -11.954195
      -31.590743      -12.000122
      -31.625743      -12.046215
      -31.660743      -12.092476
      -31.695743      -12.138908
      -31.730743      -12.185513
      -31.765743      -12.232294
      -31.800743      -12.279254
      -31.835742      -12.326395
      -31.870742      -12.373720
      -31.905742      -12.421233
      -31.940742      -12.468935
      -31.975742      -12.516830
      -32.010742      -12.564922
      -32.045742      -12.613213
      -32.080744      -12.661709
      -32.115744      -12.710406
      -32.150743      -12.759313
      -32.185743      -12.808430
      -32.220743      -12.857763
      -32.255743      -12.907313
      -32.290743      -12.957084
      -32.325745      -13.007083
      -32.360743      -13.057302
      -32.395745      -13.107759
      -32.430745      -13.158447
      -32.465744      -13.209372
      -32.500744      -13.260537
      -32.535744      -13.311947
      -32.570744      -13.363603
      -32.605744      -13.415509
      -32.640744      -13.467669
      -32.675744      -13.520086
      -32.710743      -13.572762
