      -15.245743      -4.1724357
      -15.280743      -4.1806172
      -15.315743      -4.1888046
      -15.350743      -4.1969984
      -15.385745      -4.2051983
      -15.420745      -4.2134053
      -15.455745      -4.2216192
      -15.490745      -4.2298404
      -15.525744      -4.2380691
      -15.560744      -4.2463057
      -15.595744      -4.2545504
      -15.630744      -4.2628037
      -15.665744      -4.2710664
      -15.700744      -4.2793375
      -15.735743      -4.2876182
      -15.770743      -4.2959086
      -15.805743      -4.3042091
      -15.840743      -4.3125201
      -15.875743      -4.3208420
      -15.910743      -4.3291750
      -15.945745      -4.3375193
      -15.980745      -4.3458757
      -16.015745      -4.3542443
      -16.050744      -4.3626253
      -16.085744      -4.3710192
      -16.120744      -4.3794262
      -16.155744      -4.3878466
      -16.190744      -4.3962816
      -16.225744      -4.4047298
      -16.260744      -4.4131924
      -16.295743      -4.4216694
      -16.330743      -4.4301613
      -16.365743      -4.4386681
      -16.400743      -4.4471902
      -16.435743      -4.4557276
      -16.470743      -4.4642805
      -16.505743      -4.4728492
      -16.540745      -4.4814334
      -16.575745      -4.4900337
      -16.610744      -4.4986499
      -16.645744      -4.5072820
      -16.680744      -4.5159301
      -16.715744      -4.5245941
      -16.750744      -4.5332747
      -16.785744      -4.5419702
      -16.820744      -4.5506813
      -16.855743      -4.5594079
      -16.890743      -4.5681496
      -16.925743      -4.5769062
      -16.960743      -4.5856775
      -16.995743      -4.5944630
      -17.030743      -4.6032625
      -17.065745      -4.6120752
      -17.100745      -4.6209010
      -17.135745      -4.6297393
      -17.170744      -4.6385895
      -17.205744      -4.6474509
      -17.240744      -4.6563230
      -17.275744      -4.6652049
      -17.310744      -4.6740967
      -17.345744      -4.6829959
      -17.380743      -4.6919026
      -17.415743      -4.7008158
      -17.450743      -4.7097345
      -17.485743      -4.7186576
      -17.520743      -4.7275842
      -17.555743      -4.7365130
      -17.590745      -4.7454428
      -17.625745      -4.7543726
      -17.660745      -4.7633010
      -17.695744      -4.7722266
      -17.730744      -4.7811482
      -17.765744      -4.7900643
      -17.800744      -4.7989733
      -17.835744      -4.8078747
      -17.870744      -4.8167652
      -17.905744      -4.8256441
      -17.940743      -4.8345098
      -17.975743      -4.8433605
      -18.010743      -4.8521946
      -18.045743      -4.8610103
      -18.080743      -4.8698059
      -18.115743      -4.8785796
      -18.150742      -4.8873295
      -18.185745      -4.8960537
      -18.220745      -4.9047508
      -18.255744      -4.9134185
      -18.290744      -4.9220549
      -18.325744      -4.9306584
      -18.360744      -4.9392277
      -18.395744      -4.9477592
      -18.430744      -4.9562521
      -18.465743      -4.9647043
      -18.500743      -4.9731140
      -18.535743      -4.9814792
      -18.570743      -4.9897981
      -18.605743      -4.9980690
      -18.640743      -5.0062899
      -18.675743      -5.0144591
      -18.710745      -5.0225747
      -18.745745      -5.0306353
      -18.780745      -5.0386391
      -18.815744      -5.0465844
      -18.850744      -5.0544697
      -18.885744      -5.0622941
      -18.920744      -5.0700540
      -18.955744      -5.0777508
      -18.990744      -5.0853813
      -19.025743      -5.0929445
      -19.060743      -5.1004394
      -19.095743      -5.1078650
      -19.130743      -5.1152199
      -19.165743      -5.1225034
      -19.200743      -5.1297144
      -19.235743      -5.1368522
      -19.270745      -5.1439158
      -19.305745      -5.1509049
      -19.340744      -5.1578189
      -19.375744      -5.1646572
      -19.410744      -5.1714194
      -19.445744      -5.1781054
      -19.480744      -5.1847155
      -19.515744      -5.1912483
      -19.550744      -5.1977045
      -19.585743      -5.2040842
      -19.620743      -5.2103876
      -19.655743      -5.2166151
      -19.690743      -5.2227669
      -19.725743      -5.2288437
      -19.760743      -5.2348460
      -19.795742      -5.2407745
      -19.830745      -5.2466296
      -19.865745      -5.2524130
      -19.900744      -5.2581253
      -19.935744      -5.2637675
      -19.970744      -5.2693415
      -20.005744      -5.2748473
      -20.040744      -5.2802868
      -20.075744      -5.2856615
      -20.110743      -5.2909729
      -20.145743      -5.2962227
      -20.180743      -5.3014125
      -20.215743      -5.3065442
      -20.250743      -5.3116196
      -20.285743      -5.3166406
      -20.320743      -5.3216093
      -20.355742      -5.3265278
      -20.390745      -5.3313979
      -20.425744      -5.3362225
      -20.460744      -5.3410036
      -20.495744      -5.3457442
      -20.530744      -5.3504449
      -20.565744      -5.3551106
      -20.600744      -5.3597421
      -20.635744      -5.3643427
      -20.670743      -5.3689149
      -20.705743      -5.3734616
      -20.740743      -5.3779856
      -20.775743      -5.3824895
      -20.810743      -5.3869765
      -20.845743      -5.3914494
      -20.880743      -5.3959110
      -20.915745      -5.4003644
      -20.950745      -5.4048130
      -20.985744      -5.4092596
      -21.020744      -5.4137080
      -21.055744      -5.4181596
      -21.090744      -5.4226193
      -21.125744      -5.4270905
      -21.160744      -5.4315751
      -21.195744      -5.4360770
      -21.230743      -5.4405995
      -21.265743      -5.4451460
      -21.300743      -5.4497198
      -21.335743      -5.4543243
      -21.370743      -5.4589629
      -21.405743      -5.4636389
      -21.440742      -5.4683558
      -21.475745      -5.4731166
      -21.510745      -5.4779255
      -21.545744      -5.4827855
      -21.580744      -5.4877001
      -21.615744      -5.4926727
      -21.650744      -5.4977075
      -21.685744      -5.5028064
      -21.720744      -5.5079737
      -21.755743      -5.5132128
      -21.790743      -5.5185272
      -21.825743      -5.5239200
      -21.860743      -5.5293950
      -21.895743      -5.5349554
      -21.930743      -5.5406046
      -21.965743      -5.5463461
      -22.000745      -5.5521828
      -22.035745      -5.5581187
      -22.070744      -5.5641569
      -22.105744      -5.5703005
      -22.140744      -5.5765532
      -22.175744      -5.5829186
      -22.210744      -5.5893986
      -22.245744      -5.5959973
      -22.280744      -5.6027178
      -22.315743      -5.6095632
      -22.350743      -5.6165368
      -22.385743      -5.6236417
      -22.420743      -5.6308809
      -22.455743      -5.6382575
      -22.490743      -5.6457745
      -22.525745      -5.6534348
      -22.560745      -5.6612418
      -22.595742      -5.6691984
      -22.630744      -5.6773069
      -22.665744      -5.6855708
      -22.700744      -5.6939927
      -22.735744      -5.7025763
      -22.770744      -5.7113229
      -22.805744      -5.7202358
      -22.840743      -5.7293179
      -22.875743      -5.7385718
      -22.910743      -5.7480002
      -22.945743      -5.7576057
      -22.980743      -5.7673908
      -23.015743      -5.7773583
      -23.050743      -5.7875104
      -23.085742      -5.7978498
      -23.120742      -5.8083789
      -23.155742      -5.8191001
      -23.190742      -5.8300156
      -23.225742      -5.8411282
      -23.260744      -5.8524404
      -23.295744      -5.8639535
      -23.330744      -5.8756701
      -23.365744      -5.8875925
      -23.400743      -5.8997230
      -23.435743      -5.9120637
      -23.470743      -5.9246166
      -23.505743      -5.9373839
      -23.540743      -5.9503675
      -23.575743      -5.9635696
      -23.610743      -5.9769920
      -23.645742      -5.9906368
      -23.680745      -6.0045067
      -23.715744      -6.0186019
      -23.750744      -6.0329250
      -23.785744      -6.0474780
      -23.820744      -6.0622625
      -23.855744      -6.0772805
      -23.890744      -6.0925335
      -23.925744      -6.1080234
      -23.960743      -6.1237517
      -23.995743      -6.1397202
      -24.030743      -6.1559305
      -24.065743      -6.1723841
      -24.100743      -6.1890828
      -24.135743      -6.2060278
      -24.170742      -6.2232209
      -24.205742      -6.2406635
      -24.240742      -6.2583570
      -24.275742      -6.2763030
      -24.310742      -6.2945028
      -24.345742      -6.3129579
      -24.380744      -6.3316708
      -24.415744      -6.3506404
      -24.450744      -6.3698693
      -24.485743      -6.3893588
      -24.520743      -6.4091101
      -24.555743      -6.4291246
      -24.590743      -6.4494034
      -24.625743      -6.4699478
      -24.660743      -6.4907590
      -24.695745      -6.5118397
      -24.730742      -6.5331866
      -24.765745      -6.5548066
      -24.800744      -6.5766966
      -24.835744      -6.5988591
      -24.870744      -6.6212952
      -24.905744      -6.6440060
      -24.940744      -6.6669925
      -24.975744      -6.6902556
      -25.010744      -6.7137966
      -25.045743      -6.7376163
      -25.080743      -6.7617158
      -25.115743      -6.7860959
      -25.150743      -6.8107578
      -25.185743      -6.8357022
      -25.220743      -6.8609301
      -25.255743      -6.8864426
      -25.290742      -6.9122403
      -25.325742      -6.9383243
      -25.360742      -6.9646954
      -25.395742      -6.9913544
      -25.430744      -7.0183040
      -25.465742      -7.0455396
      -25.500744      -7.0730692
      -25.535744      -7.1008884
      -25.570741      -7.1289975
      -25.605743      -7.1574034
      -25.640743      -7.1861009
      -25.675743      -7.2150927
      -25.710743      -7.2443797
      -25.745745      -7.2739645
      -25.780743      -7.3038417
      -25.815742      -7.3340183
      -25.850745      -7.3644949
      -25.885745      -7.3952681
      -25.920744      -7.4263407
      -25.955744      -7.4577133
      -25.990744      -7.4893866
      -26.025744      -7.5213612
      -26.060744      -7.5536379
      -26.095744      -7.5862171
      -26.130743      -7.6190997
      -26.165743      -7.6522861
      -26.200743      -7.6857771
      -26.235743      -7.7195732
      -26.270743      -7.7536750
      -26.305743      -7.7880831
      -26.340743      -7.8227982
      -26.375742      -7.8578207
      -26.410742      -7.8931513
      -26.445742      -7.9287904
      -26.480742      -7.9647387
      -26.515742      -8.0009968
      -26.550744      -8.0375676
      -26.585744      -8.0744468
      -26.620741      -8.1116347
      -26.655744      -8.1491396
      -26.690743      -8.1869543
      -26.725743      -8.2250819
      -26.760743      -8.2635228
      -26.795745      -8.3022803
      -26.830743      -8.3413469
      -26.865743      -8.3807310
      -26.900745      -8.4204333
      -26.935742      -8.4604459
      -26.970745      -8.5007802
      -27.005744      -8.5414288
      -27.040744      -8.5823944
      -27.075744      -8.6236778
      -27.110744      -8.6652793
      -27.145744      -8.7071995
      -27.180744      -8.7494387
      -27.215743      -8.7919975
      -27.250743      -8.8348761
      -27.285743      -8.8780751
      -27.320743      -8.9215949
      -27.355743      -8.9654360
      -27.390743      -9.0095987
      -27.425743      -9.0540834
      -27.460742      -9.0988906
      -27.495742      -9.1440207
      -27.530742      -9.1894740
      -27.565742      -9.2352510
      -27.600742      -9.2813521
      -27.635742      -9.3277777
      -27.670742      -9.3745281
      -27.705744      -9.4216070
      -27.740744      -9.4690083
      -27.775743      -9.5167357
      -27.810743      -9.5647894
      -27.845743      -9.6131698
      -27.880743      -9.6618775
      -27.915743      -9.7109126
      -27.950745      -9.7602789
      -27.985743      -9.8099667
      -28.020745      -9.8599899
      -28.055745      -9.9103386
      -28.090744      -9.9610166
      -28.125744      -10.012024
      -28.160744      -10.063362
      -28.195744      -10.115030
      -28.230744      -10.167028
      -28.265744      -10.219358
      -28.300744      -10.272019
      -28.335743      -10.325012
      -28.370743      -10.378336
      -28.405743      -10.431993
      -28.440743      -10.485983
      -28.475743      -10.540306
      -28.510743      -10.594962
      -28.545742      -10.649951
      -28.580742      -10.705275
      -28.615742      -10.760932
      -28.650742      -10.816925
      -28.685742      -10.873252
      -28.720742      -10.929914
      -28.755744      -10.986916
      -28.790741      -11.044246
      -28.825744      -11.101920
      -28.860743      -11.159926
      -28.895743      -11.218269
      -28.930743      -11.276949
      -28.965743      -11.335966
      -29.000743      -11.395321
      -29.035743      -11.455013
      -29.070745      -11.515048
      -29.105745      -11.575417
      -29.140745      -11.636125
      -29.175744      -11.697172
      -29.210744      -11.758558
      -29.245744      -11.820284
      -29.280744      -11.882350
      -29.315744      -11.944756
      -29.350744      -12.007502
      -29.385744      -12.070588
      -29.420743      -12.134016
      -29.455743      -12.197785
      -29.490743      -12.261895
      -29.525743      -12.326347
      -29.560743      -12.391141
      -29.595743      -12.456277
      -29.630743      -12.521756
      -29.665742      -12.587577
      -29.700742      -12.653742
      -29.735742      -12.720250
      -29.770742      -12.787101
      -29.805744      -12.854300
      -29.840742      -12.921835
      -29.875744      -12.989723
      -29.910744      -13.057951
      -29.945741      -13.126518
      -29.980743      -13.195441
      -30.015743      -13.264703
      -30.050743      -13.334312
      -30.085743      -13.404266
      -30.120745      -13.474570
      -30.155743      -13.545211
      -30.190742      -13.616204
      -30.225745      -13.687548
      -30.260745      -13.759234
      -30.295744      -13.831267
      -30.330744      -13.903648
      -30.365744      -13.976376
      -30.400744      -14.049451
      -30.435744      -14.122875
      -30.470744      -14.196647
      -30.505743      -14.270768
      -30.540743      -14.345237
      -30.575743      -14.420055
      -30.610743      -14.495222
      -30.645743      -14.570739
      -30.680743      -14.646605
      -30.715743      -14.722821
      -30.750742      -14.799386
      -30.785742      -14.876302
      -30.820742      -14.953569
      -30.855742      -15.031185
      -30.890742      -15.109153
      -30.925744      -15.187477
      -30.960744      -15.266147
      -30.995741      -15.345163
      -31.030744      -15.424541
      -31.065743      -15.504266
      -31.100743      -15.584343
      -31.135743      -15.664772
      -31.170745      -15.745559
      -31.205743      -15.826687
      -31.240743      -15.908174
      -31.275745      -15.990019
      -31.310742      -16.072206
      -31.345745      -16.154758
      -31.380744      -16.237658
      -31.415744      -16.320912
      -31.450744      -16.404519
      -31.485744      -16.488481
      -31.520744      -16.572797
      -31.555744      -16.657467
      -31.590743      -16.742492
      -31.625743      -16.827872
      -31.660743      -16.913607
      -31.695743      -16.999697
      -31.730743      -17.086143
      -31.765743      -17.172944
      -31.800743      -17.260101
      -31.835742      -17.347613
      -31.870742      -17.435482
      -31.905742      -17.523707
      -31.940742      -17.612289
      -31.975742      -17.701227
      -32.010742      -17.790521
      -32.045742      -17.880173
      -32.080744      -17.970188
      -32.115744      -18.060554
      -32.150743      -18.151278
      -32.185743      -18.242359
      -32.220743      -18.333798
      -32.255743      -18.425595
      -32.290743      -18.517750
      -32.325745      -18.610269
      -32.360743      -18.703134
      -32.395745      -18.796371
      -32.430745      -18.889960
      -32.465744      -18.983907
      -32.500744      -19.078214
      -32.535744      -19.172880
      -32.570744      -19.267905
      -32.605744      -19.363290
      -32.640744      -19.459034
      -32.675744      -19.555138
      -32.710743      -19.651602
