1.21153e+10   0.000706329   0.000706329
1.77828e+10   0.000547883   0.000547883
2.61016e+10   0.000420563   0.000420563
3.83119e+10   0.000303416   0.000303416
5.62341e+10   0.000205643   0.000205643
8.25404e+10   0.000131384   0.000131384
1.21153e+11   8.26237e-05   8.26237e-05
1.77828e+11   4.59773e-05   4.59773e-05
2.61016e+11   2.61557e-05   2.61557e-05
3.83119e+11   1.35861e-05   1.35861e-05
5.62341e+11   7.32643e-06   9.2313e-06
8.25404e+11   5.19924e-06   8.2668e-06
1.21153e+12   1.91156e-06   3.86135e-06
1.77828e+12   1.16392e-06   2.51407e-06
2.61016e+12   4.59583e-07   1.09381e-06
3.83119e+12   2.22874e-07   5.30439e-07
5.62341e+12   1.35429e-07   6.04015e-07
8.25404e+12   8.38804e-08   5.87163e-07
1.21153e+13   5.19301e-09   3.59301e-07
1.77828e+13   1.32533e-08   1.988e-07
3.83119e+13   7.13593e-09   1.07039e-07
5.62341e+13   2.86729e-09   4.30093e-08
8.25404e+13   2.35763e-09   3.53645e-08