   1.2115294e+10  0.000693757   7.8603409e-05
   1.7782794e+10  0.000559915   6.8701423e-05
   2.6101534e+10  0.000432835   5.8433072e-05
   3.8311925e+10  0.000340753   5.2293502e-05
   5.6234133e+10  0.000253676   3.9506622e-05
   8.2540298e+10  0.000178412   3.1220257e-05
   1.2115294e+11  0.000123742   2.4115167e-05
   1.7782794e+11  8.29926e-05   1.8523722e-05
   2.6101534e+11  5.35281e-05   1.4158461e-05
   3.8311925e+11  3.34605e-05   1.0753364e-05
   5.6234133e+11  1.88380e-05   7.3073978e-06
   8.2540298e+11  1.15926e-05   5.1402059e-06
   1.2115294e+12  6.19151e-06   4.3790525e-06
   1.7782794e+12  3.73247e-06   3.4012641e-06
   2.6101591e+12  2.50295e-06   2.6741748e-06
   3.8311925e+12  2.01993e-06   2.0649402e-06
   5.6234133e+12  5.70849e-07   9.8569218e-07
   8.2540479e+12  3.07380e-07   8.9798642e-07
   1.2115294e+13  3.95203e-07   8.6223121e-07