   1.2115294e+10  0.000483617   4.8109023e-05
   1.7782794e+10  0.000371642   3.5241712e-05
   2.6101534e+10  0.000305242   3.5724628e-05
   3.8311925e+10  0.000251270   2.6869980e-05
   5.6234133e+10  0.000208104   2.1880086e-05
   8.2540298e+10  0.000157100   1.7550013e-05
   1.2115294e+11  0.000116621   1.5444051e-05
   1.7782794e+11  8.00615e-05   1.2274018e-05
   2.6101534e+11  5.51473e-05   1.1279662e-05
   3.8311925e+11  3.59437e-05   1.1029054e-05
   5.6234133e+11  2.14990e-05   8.0952512e-06
   8.2540298e+11  1.60123e-05   6.6424147e-06
   1.2115294e+12  9.34984e-06   4.6449309e-06
   1.7782794e+12  5.26279e-06   3.5336640e-06
   2.6101591e+12  4.25502e-06   3.3944517e-06
   3.8311925e+12  2.01554e-06   2.0786686e-06
   5.6234133e+12  1.34369e-06   1.8839534e-06
   8.2540479e+12  6.71845e-07   1.4522372e-06
   1.2115294e+13  3.91910e-07   8.6177049e-07
   1.7782794e+13  1.11974e-07   4.9430207e-07
   2.6101591e+13  1.11974e-07   4.9430207e-07
   3.8311925e+13  5.59871e-08   3.5409348e-07