1.21153e+10   0.000608755   0.000608755
1.77828e+10   0.000502028   0.000502028
2.61016e+10   0.000392318   0.000392318
3.83119e+10   0.000296767   0.000296767
5.62341e+10   0.000219854   0.000219854
8.25404e+10   0.000157672   0.000157672
1.21153e+11   0.000104582   0.000104582
1.77828e+11   6.81569e-05   6.81569e-05
2.61016e+11   4.09565e-05   4.09565e-05
3.83119e+11   2.53095e-05   2.53095e-05
5.62341e+11   1.41805e-05   1.78675e-05
8.25404e+11   7.90467e-06   1.25684e-05
1.21153e+12   4.46454e-06   9.01837e-06
1.77828e+12   2.44154e-06   5.27373e-06
2.61016e+12   1.4722e-06   3.50384e-06
3.83119e+12   8.81234e-07   2.09734e-06
5.62341e+12   3.72313e-07   1.66052e-06
8.25404e+12   1.51581e-07   1.06106e-06
1.21153e+13   1.16575e-07   1.16575e-06
1.77828e+13   3.01188e-08   4.51782e-07
2.61016e+13   1.12667e-08   1.69001e-07
3.83119e+13   5.99801e-09   8.99702e-08
5.62341e+13   6.04091e-09   9.06137e-08