1.21153e+10   0.000409377   0.000409377
1.77828e+10   0.000323106   0.000323106
2.61016e+10   0.00027274   0.00027274
3.83119e+10   0.000223322   0.000223322
5.62341e+10   0.000179224   0.000179224
8.25404e+10   0.000134987   0.000134987
1.21153e+11   9.56895e-05   9.56895e-05
1.77828e+11   6.76396e-05   6.76396e-05
2.61016e+11   4.36681e-05   4.36681e-05
3.83119e+11   2.75165e-05   2.75165e-05
5.62341e+11   1.68988e-05   2.12925e-05
8.25404e+11   1.08109e-05   1.71893e-05
1.21153e+12   6.30382e-06   1.27337e-05
1.77828e+12   4.02634e-06   8.6969e-06
2.61016e+12   2.02287e-06   4.81444e-06
3.83119e+12   1.1563e-06   2.75198e-06
5.62341e+12   6.59801e-07   2.94271e-06
8.25404e+12   3.33638e-07   2.33547e-06
1.21153e+13   1.83414e-07   1.83414e-06
1.77828e+13   1.2365e-07   1.85475e-06
2.61016e+13   6.78357e-08   1.01753e-06
3.83119e+13   4.06075e-08   6.09113e-07
5.62341e+13   8.2512e-09   1.23768e-07