   1.2115294e+10  0.000820506   6.3322359e-05
   1.7782794e+10  0.000637153   4.4139807e-05
   2.6101534e+10  0.000490610   3.4621190e-05
   3.8311925e+10  0.000352332   2.8582244e-05
   5.6234133e+10  0.000243941   2.2211004e-05
   8.2540298e+10  0.000158311   2.2551357e-05
   1.2115294e+11  0.000102650   1.4492789e-05
   1.7782794e+11  5.96110e-05   1.1009137e-05
   2.6101534e+11  3.57910e-05   1.0056836e-05
   3.8311925e+11  2.03997e-05   6.4888194e-06
   5.6234133e+11  1.13196e-05   5.5095514e-06
   8.2540298e+11  5.82266e-06   3.3550761e-06
   1.2115294e+12  3.54246e-06   2.5016262e-06
   1.7782794e+12  2.36164e-06   2.6363763e-06
   2.6101591e+12  1.05867e-06   1.5452345e-06
   3.8311925e+12  4.47897e-07   1.0903252e-06
   5.6234133e+12  2.03589e-07   6.4974016e-07
   8.2540479e+12  1.22154e-07   5.1325360e-07
   1.2115294e+13  8.14358e-08   4.2308014e-07
   1.7782794e+13  4.07179e-08   3.0197194e-07